0.06808345
0.09222783
0.08317602
0.05152099
0.04920029
0.09097509
0.04982896
0.07551482
0.08277383
0.04669469
0.09477339
0.05147831
0.05145877
0.06354559
0.11549591
0.07019434
0.07419184
0.05173892
0.06581182
0.11213687
0.11940800
0.04327541
0.06745162
0.07298864
0.05995059
0.08259216
0.06487175
0.07021958
0.07233552
0.04845694
0.04243980
0.09184161
0.11452880
0.09492527
0.09997161
0.08609935
0.05019299
0.11789296
0.04406974
0.10705759
0.04090741
0.05404800
0.06572749
0.06940655
0.09730241
0.11438890
0.07870292
0.05660514
0.08696133
0.09102788
0.05046943
0.07931066
0.11336058
0.05507876
0.04655905
0.08649671
0.08035292
0.06408704
0.10147085
0.06429813
0.06128654
0.07044599
0.07783164
0.08733135
0.11154510
0.04962211
0.04736288
0.10675604
0.05843839
0.04452765
0.06010731
0.09117570
0.09002736
0.11149602
0.07519138
0.05143082
0.11693414
0.07499602
0.09779387
0.06071325
0.05315625
0.05273591
0.07044475
0.06201357
0.11837042
0.05174660
0.06671103
0.04881467
0.05102795
0.11984991
0.10145085
0.04722407
0.07751809
0.05722619
0.09316469
0.11995265
0.05774446
0.08564198
0.06627954
0.05749591
0.06939793
0.07488749
0.06276775
0.05392654
0.08027396
0.04955425
0.10065703
0.04277752
0.11476177
0.06062967
0.07472340
0.10767635
0.05205965
0.09368014
0.05216239
0.06850772
0.09883732
0.07320115
0.05620845
0.08779048
0.10548135
0.10784236
0.06971126
0.10079577
0.07260981
0.04801081
0.04467530
0.06441909
0.04716985
0.04929699
0.06211089
0.04645716
0.09315526
0.05550116
0.11151082
0.11628385
0.05177572
0.05356203
0.09157636
0.05003954
0.04607661
0.07939794
0.05770944
0.09399414
0.11981816
0.04688483
0.04155117
0.05422419
0.07852240
0.09441817
0.11152620
0.09571032
0.09755950
0.05345660
0.04841558
0.07256277
0.11554328
0.05347328
0.06846900
0.10821701
0.09920116
0.09961132
0.04569205
0.08543615
0.07559729
0.11263846
0.09657374
0.05218913
0.07388919
0.07927134
0.04768346
0.10763530
0.04316292
0.10498645
0.09002140
0.04418792
0.08243140
0.06350824
0.04955047
0.05188061
0.07992813
0.09560392
0.10042268
0.07578734
0.09742706
0.05401928
0.06279959
0.05647903
0.06342997
0.09535180
0.09976342
0.06955651
0.05472706
0.04422127
0.05228481
0.04505058
0.06213419
0.06045207
0.07235221
0.08961092
0.08927832
0.05390111
0.10121873
0.05668609
0.06382037
0.07523368
0.06304661
0.04832919
0.06519933
0.11290550
0.08609113
0.07849577
0.06148169
0.08478818
0.10088424
0.09044493
0.04889985
0.07038570
0.04985781
0.08247493
0.05006156
0.05221597
0.05107250
0.04124435
0.09152181
0.10558766
0.09690295
0.05874486
0.06680718
0.11599290
0.08171448
0.08548123
0.11275239
0.06811067
0.09529125
0.07049823
0.06285194
0.09821057
0.05775753
0.07957060
0.05174151
0.04343194
0.07923547
0.09112413
0.06590692
0.08076785
0.10797236
0.04388239
0.09052105
0.07432139
0.09023060
0.08112841
0.08982992
0.08858323
0.06504402
0.07882558
0.08138701
0.06918517
0.04818389
0.08044102
0.05418452
0.04575549
0.07816093
0.07408438
0.07051911
0.07162826
0.04841387
0.06402515
0.05346061
0.04003098
0.06121873
0.05447281
0.09076009
0.10204683
0.06602347
0.05677239
0.04248827
0.06527124
0.07428540
0.11005792
0.05718296
0.08886158
0.05997873
0.07818779
0.05887670
0.04835245
0.05542296
0.06280536
0.11636762
0.05033753
0.05769972
0.08033265
0.08755991
0.09509255
0.04988880
0.05573418
0.06060147
0.05399190
0.09332895
0.09900856
0.05981918
0.08349626
0.06061778
0.04120455
0.10151732
0.07960190
0.11227264
0.04508622
0.10825270
0.09357672
0.09040536
0.05345658
0.09444337
0.05589058
0.07428066
0.04802068
0.05557086
0.07541494
0.04123897
0.06435211
0.05763860
0.07346526
0.09217058
0.07213381
0.08985459
0.07588130
0.09559122
0.06557317
0.07335478
0.07770522
0.05613062
0.05161700
0.08721715
0.06444159
0.05854440
0.05849990
0.07183418
0.08290903
0.04034468
0.04468646
0.05073694
0.07347676
0.05470305
0.06552947
0.05959238
0.08539682
0.08087163
0.05825230
0.08144189
0.05296939
0.08017367
0.05473086
0.08882389
0.05550379
0.05867588
0.10192300
0.05093623
0.06833734
0.11573015
0.10757631
0.09427292
0.07927628
0.10538739
0.06995004
0.08360561
0.07951391
0.06665857
0.11494254
0.07588598
0.09595463
0.11640651
0.07624913
0.04616505
0.06358466
0.09224791
0.07058585
0.09227203
0.04833497
0.08668257
0.04704159
0.05186754
0.08199076
0.08903972
0.07766777
0.05845138
0.11459905
0.06844749
0.08643155
0.05353786
0.07616461
0.07888734
0.05508168
0.08864720
0.04940046
0.05557505
0.08526901
0.09877865
0.04711063
0.07816285
0.04625990
0.08029577
0.04438981
0.05692298
0.04618950
0.07364831
0.04688994
0.10921690
0.07752144
0.09060189
0.07012190
0.09293641
0.06041092
0.05512819
0.06548897
0.07028271
0.04217268
0.07247293
0.09506258
0.11063170
0.08750478
0.07134055
0.08073491
0.04688500
0.08746766
0.06172691
0.11787732
0.04409579
0.05636570
0.11283914
0.10407989
0.06157397
0.07620668
0.08456808
0.07119450
0.05651066
0.05986809
0.10381797
0.11473141
0.09423736
0.07482220
0.06792518
0.09473087
0.09960730
0.11715132
0.10995183
0.05604118
0.10892385
0.08343715
0.10593623
0.06451800
0.10158831
0.08272546
0.04806945
0.07592291
0.04695185
0.04220326
0.06539775
0.10889952
0.11380658
0.04172767
0.10094128
0.06580669
0.04831511
0.08364881
0.04695835
0.10326718
0.05053549
0.08557970
0.11480313
0.07599194
0.07378580
0.08694839
0.07964693
0.05860026
0.08799391
0.11982022
0.10006161
0.05676277
0.08253655
0.05534941
0.10708477
0.04102056
0.06469203
0.04846635
0.10047687
0.08093027
0.09006446
0.08209082
0.09667516
0.04318556
0.05383563
0.05074621
0.05409814
0.04668695
0.05623419
0.06803751
0.08972255
0.07405440
0.08084539
0.04451391
0.09109965
0.05462125
0.05177536
0.09214807
0.06318930
0.05273779
0.04724697
0.04127674
0.10479676
0.07645636
0.08294773
0.04659061
0.06870107
0.07562408
0.04968985
0.09221607
0.05919563
0.08484941
0.05376556
0.05059183
0.08208399
0.06270028
0.07470946
0.08273081
0.10142919
0.07140580
0.06471753
0.04511749
0.06485833
0.06361211
0.08972799
0.09671781
0.06122219
0.11245000
0.08574913
0.06598208
0.07619396
0.08380894
0.09934824
0.10559971
0.08451448
0.05013367
0.07638973
0.09417857
0.10911629
0.09266116
0.06847518
0.09384872
0.06928704
0.05394394
0.07656031
0.08920217
0.07335010
0.04170515
0.08492444
0.04356869
0.07753931
0.10885595
0.08335317
0.04160297
0.06732553
0.05077128
0.06577668
0.05221015
0.04437983
0.10472085
0.04258482
0.08878422
0.05657790
0.11500409
0.07704782
0.09106654
0.09822217
0.05455682
0.04785774
0.05146118
0.07648874
0.09092096
0.08491203
0.08042155
0.05667550
0.08750359
0.08969607
0.11931288
0.07147554
0.05507263
0.04355680
0.04698724
0.08261273
0.07575771
0.06492260
0.05900026
0.09841044
0.05021534
0.04713491
0.04278736
0.04868338
0.07177525
0.09427777
0.09320850
0.05129710
0.05514366
0.10038791
0.06686176
0.06378932
0.05169362
0.05630634
0.08061577
0.04808565
0.08625207
0.10546977
0.07637557
0.05841384
0.10730966
0.04128179
0.04209565
0.07926855
0.07906810
0.05250047
0.05995809
0.09078729
0.04609672
0.06466790
0.05640591
0.10631234
0.06620860
0.05334900
0.07567125
0.10121585
0.05109262
0.05575468
0.10941973
0.05814145
0.11422303
0.07421825
0.09988587
0.11112587
0.10008992
0.06930073
0.05538159
0.10732767
0.06354887
0.04864100
0.09532664
0.08678567
0.07076537
0.09026686
0.05863452
0.05648966
0.07709205
0.05819427
0.09749056
0.08579379
0.10081103
0.05232284
0.05777079
0.05508810
0.05759095
0.06965917
0.05482293
0.06705089
0.05015544
0.06249583
0.08688019
0.06899536
0.09063651
0.05747007
0.04602282
0.10006914
0.04823064
0.04247346
0.05077496
0.06908560
0.10757014
0.05301392
0.07146486
0.04384457
0.07757230
0.10535171
0.08282281
0.08362536
0.04105849
0.06342050
0.07556654
0.07302610
0.11716531
0.04453553
0.04847455
0.06371360
0.08190479
0.05614468
0.06390041
0.06687143
0.09633617
0.07779366
0.08264811
0.11769510
0.10762830
0.07412088
0.08611832
0.08439969
0.07476564
0.04103089
0.06484149
0.10788575
0.04965448
0.09275966
0.05686843
0.08975078
0.10723780
0.05977823
0.04880079
0.05845068
0.10515424
0.09244925
0.11056142
0.07939987
0.04628716
0.04970025
0.10097960
0.05253074
0.06272248
0.06576700
0.04928355
0.09403236
0.06220013
0.06591478
0.10030934
0.11231005
0.09378602
0.07336878
0.08932317
0.08607215
0.06336437
0.05691790
0.07354260
0.04493609
0.07583209
0.06694920
0.05022964
0.11396977
0.04879796
0.09432841
0.08986689
0.04265343
0.07422061
0.04836906
0.09922918
0.08748815
0.05930290
0.08827596
0.10258523
0.05430578
0.09270927
0.05262018
0.06130833
0.06548006
0.04411914
0.08970958
0.08035579
0.04260367
0.04156665
0.05339424
0.05919650
0.07420162
0.10936779
0.04540201
0.04745655
0.05161711
0.04360137
0.05604955
0.05458645
0.07946375
0.04937596
0.05098874
0.08416432
0.07131944
0.04073110
0.11814338
0.11041787
0.05237982
0.11797370
0.07801711
0.04194932
0.05316932
0.07925858
0.07087299
0.07029421
0.06678497
0.04251993
0.09562760
0.04841537
0.07733216
0.06938100
0.08378308
0.09996275
0.05661091
0.04224175
0.10700585
0.10737933
0.04360712
0.06536340
0.04129334
0.06573958
0.04562691
0.06213166
0.08532095
0.05520835
0.09896098
0.04347440
0.10377851
0.11602237
0.06218901
0.07561890
0.07327291
0.08263706
0.05017926
0.05048495
0.07186317
0.07108587
0.09311822
0.09064097
0.06753574
0.04597405
0.04792826
0.05083772
0.06395748
0.08850305
0.07225622
0.05542278
0.08464100
0.10826044
0.09965356
0.10924429
0.06853710
0.06689992
0.06272351
0.10348290
0.08219782
0.09239682
0.06668962
0.06039977
0.09214644
0.06372639
0.07708090
0.08631759
0.07443925
0.10553648
0.05377033
0.05962773
0.05926391
0.06767040
0.04143546
0.04792235
0.07343354
0.11248376
0.07863185
0.09576588
0.06544979
0.05180648
0.07068763
0.05223673
0.08209147
0.08266988
0.06196053
0.07834552
0.11865374
0.04966655
0.07482790
0.05326253
0.05521532
0.04200911
0.07335896
0.08196537
0.06234927
0.06398568
0.09138935
0.04284337
0.07171437
0.11818473
0.07705702
0.11191203
0.07160055
0.07974494
0.08658878
0.06186411
0.08165304
0.07841114
0.06734812
0.11057998
0.07137193
0.04541551
0.06365697
0.05165135
0.04930136
0.10077293
0.06579628
0.08570137
0.06635170
0.05369886
0.04382546
0.09120242
0.06006374
0.05389008
0.06005269
0.05784106
0.06940121
0.04185962
0.06481906
0.11137419
0.10887215
0.06257110
0.09236622
0.05703897
0.05727376
0.07487573
0.05674419
0.07496539
0.05322325
0.05310818
0.09513273
0.06580167
0.04624203
0.11086517
0.08205801
0.06275422
0.07998900
0.07885164
0.05358060
0.07510007
0.08930758
0.11049664
0.11489033
0.05596870
0.06860158
0.06150622
0.05266571
0.09129356
0.10850845
0.05009025
0.10661177
0.07085872
0.09225319
0.06225585
0.04844395
0.05241629
0.08680499
0.05002496
0.07744151
0.05970243
0.07190463
0.10352861
0.04393747
0.06259580
0.07745950
0.05812920
0.04547289
0.05985489
0.06335941
0.09113185
0.08145849
0.08962440
0.04875427
0.10942188
0.05921630
0.09365244
0.05786309
0.09124894
0.05137599
0.05704391
0.10875798
0.07469324
0.08624094
0.07787646
0.07385751
0.06979410
0.04951203
0.07333950
0.07178019
0.10017103
0.10436014
0.10622195
0.08198981
0.04665252
0.07618834
0.10662590
0.07190733
0.04807995
0.08885244
0.09969703
0.10921941
0.09657210
0.04488908
0.06778694
0.07156330
0.11212823
0.05903823
0.08121764
0.06630211
0.09455292
0.08038145
0.08805469
0.05590391
0.04761803
0.06993307
0.06102131
0.10913905
0.07388579
0.07392742
0.10311475
0.04052729
0.08611300
0.07076952
0.04239081
0.05869090
0.06639632
0.08178696
0.04374908
0.04701187
0.10584407
0.08220734
0.05203133
0.04862263
0.05261428
0.09902727
0.09862792
0.08060842
0.07001302
0.07405589
0.07376875
0.06272426
0.08504527
0.04248103
0.04951585
0.07871806
0.05550474
0.05844776
0.09352496
0.09410576
0.04527593
0.08366063
0.04990306
0.06071144
0.08599511
0.05157080
0.10001559
0.08354930
0.09055120
0.05722591
0.05004176
0.08291871
0.06098857
0.09025368
0.08946745
0.11101342
0.06678113
0.08063784
0.06113900
0.06440697
0.10590679
0.08920387
0.05922145
0.07320460
0.06999801
0.04685172
0.05737031
0.04485436
0.09453492
0.04497354
0.05792462
0.08489483
0.05775288
0.05820593
0.08512352
0.10626838
0.06511496
0.11857660
0.07805953
0.05956298
0.10091664
0.09704488
0.06310120
0.07302381
0.05443895
0.07100638
0.04876919
0.04984968
0.05690627
0.10500622
0.06140440
0.09373625
0.06736572
0.05393661
0.06358548
0.07892713
0.06712824
0.10019037
0.08701312
0.08092519
0.07799957
0.08252233
0.04430842
0.08434401
0.11432548
0.11932491
0.05982603
0.04195684
0.05193545
0.05751745
0.08396286
0.08031152
0.04157816
0.04197712
0.07726415
0.11178891
0.09593575
0.08089014
0.09559704
0.09308221
0.07173507
0.08312283
0.06401487
0.05210194
0.10717098
0.11496533
0.05671279
0.06570605
0.06621575
0.07522554
0.11018392
0.09436142
0.07875973
0.08437789
0.06536318
0.11809080
0.08970175
0.05565175
0.09741232
0.07943534
0.09118688
0.06605645
0.09445936
0.05761738
0.04860880
0.05638602
0.09039965
0.11190282
0.08556994
0.08624778
0.09337758
0.04939589
0.09546921
0.04350296
0.04551856
0.11306036
0.10720234
0.06939649
0.09752427
0.04804552
0.07999945
0.04958283
0.09321638
0.07120717
0.04384432
0.11641655
0.08528107
0.10587812
0.07690469
0.06176572
0.11522454
0.09252139
0.05578780
0.06706488
0.04872380
0.04525517
0.06874273
0.07642925
0.07948476
0.05899422
0.04368671
0.08622387
0.09966649
0.08913926
0.06289502
0.04202840
0.06946934
0.06734103
0.06665899
0.11154339
0.07170413
0.05820566
0.10048646
0.04501488
0.05654830
0.09328201
0.11438062
0.08100431
0.05860591
0.05603883
0.11475793
0.06999452
0.09102363
0.09813613
0.04700886
0.09295188
0.10883973
0.06111516
0.09060834
0.08276091
0.05622406
0.04934926
0.07166724
0.07634670
0.07549024
0.05878221
0.04754780
0.09705747
0.06493333
0.08534263
0.09857401
0.06009430
0.07136314
0.07291045
0.04798125
0.09545903
0.07086377
0.11749937
0.04791143
0.04535416
0.06805296
0.09645616
0.08585658
0.04483251
0.06192502
0.06883390
0.09222229
0.09961666
0.10193965
0.05527755
0.08989552
0.09780873
0.07441622
0.05382614
0.05202225
0.07584619
0.10180226
0.08444578
0.08215488
0.06792840
0.11983885
0.11197915
0.10106507
0.04685732
0.09981579
0.10299444
0.09574017
0.06690374
0.05803545
0.04743855
0.05108092
0.07296509
0.06694758
0.11968153
0.06616249
0.10864045
0.05951309
0.06430865
0.10412005
0.07043317
0.07578185
0.05153235
0.10844223
0.05834341
0.08743144
0.08676185
0.08290845
0.08572330
0.05068368
0.05682073
0.09980840
0.11893154
0.06883894
0.04306539
0.05879235
0.06360129
0.07994599
0.05963488
0.07267812
0.10687590
0.04988876
0.05231055
0.07077546
0.04416758
0.07952747
0.05796690
0.04942965
0.11480965
0.05825863
0.11433121
0.06884295
0.08725763
0.08528586
0.11307677
0.11885293
0.08303095
0.04817280
0.06201059
0.06848918
0.06840282
0.06371941
0.05719808
0.04117886
0.08546391
0.04988358
0.04076655
0.05845064
0.07170873
0.04266107
0.06483494
0.10080169
0.06959155
0.04969899
0.09064963
0.09393736
0.10624007
0.10730152
0.06554611
0.06664980
0.04639218
0.10352169
0.05124172
0.06511111
0.04161936
0.05745987
0.10281925
0.10340271
0.09048945
0.10249854
0.10805261
0.04732706
0.05440120
0.04336144
0.11035828
0.09512288
0.07750686
0.10709825
0.11208976
0.08365259
0.04603408
0.08525160
0.07213828
0.04574999
0.05987636
0.09597392
0.07564616
0.07146186
0.04937770
0.06737820
0.04488554
0.06387845
0.08783132
0.11043763
0.06438428
0.11956683
0.10228448
0.07345258
0.05654022
0.04856786
0.11040495
0.10592759
0.08789207
0.04681764
0.06905503
0.05245989
0.05533257
0.11691050
0.04574827
0.05284665
0.06876062
0.11474369
0.05455741
0.04265352
0.07230830
0.08378477
0.07353641
0.05866298
0.11597810
0.06118650
0.10382087
0.04778399
0.09538179
0.09850476
0.05244193
0.08153992
0.06821408
0.10453871
0.05850493
0.04657371
0.10025172
0.07942354
0.08447768
0.05835498
0.06761805
0.08248221
0.07376832
0.10168988
0.07547827
0.07207226
0.04560921
0.04450076
0.09809531
0.06970977
0.05556718
0.05483927
0.11800278
0.07515873
0.11385849
0.07686717
0.10010476
0.06932758
0.09939939
0.06048670
0.11478324
0.10545281
0.11156650
0.08001992
0.10449327
0.05383195
0.09817154
0.05873532
0.11429458
0.05879556
0.08701496
0.10729019
0.05259393
0.06429016
0.05600226
0.07132323
0.06620203
0.08834497
0.11653659
0.09451953
0.04231129
0.05259510
0.09264776
0.09990415
0.04009897
0.11304593
0.04037668
0.09874546
0.05041648
0.09605166
0.07317902
0.09998547
0.06863880
0.05804609
0.04469245
0.05971052
0.05339471
0.07654725
0.07544540
0.10029813
0.04340776
0.08188967
0.08628460
0.04456720
0.08225461
0.07546578
0.06993677
0.08844631
0.08047993
0.08963533
0.05041789
0.08048622
0.07129628
0.07554442
0.05525630
0.06001421
0.04769218
0.10968935
0.08084367
0.11143123
0.09613789
0.11892052
0.10222700
0.10075256
0.08169791
0.05300374
0.06453144
0.06254954
0.10471072
0.04011073
0.08754246
0.11358941
0.11598422
0.07297247
0.09670429
0.11554441
0.06765544
0.05415728
0.06576914
0.07226960
0.09176426
0.05508813
0.06243294
0.10708997
0.05692740
0.10266345
0.05279085
0.06038478
0.04334776
0.11080175
0.05604208
0.07822786
0.09545079
0.08548012
0.04869763
0.07210416
0.06987965
0.09967364
0.10312803
0.08051944
0.07119556
0.08740525
0.07878406
0.06146550
0.06371427
0.10864487
0.09756505
0.08023103
0.09465147
0.09788844
0.08115641
0.08638532
0.10271713
0.07259047
0.04834214
0.05720858
0.07482922
0.06036147
0.09244508
0.06423603
0.04793533
0.06444879
0.04766589
0.08148560
0.07115121
0.04407932
0.05509636
0.11430626
0.07598549
0.07413927
0.04200259
0.05436798
0.10531193
0.05215532
0.11101936
0.06355012
0.05776597
0.04866711
0.06033302
0.06061978
0.04160005
0.06902191
0.10563446
0.08488785
0.06508583
0.11396470
0.08389714
0.08975551
0.06760082
0.04302201
0.06395661
0.11388804
0.06818395
0.08596096
0.09883221
0.07568050
0.05651027
0.05551454
0.11591046
0.07407588
0.08430238
0.07114852
0.04999656
0.09359339
0.06151796
0.05289468
0.08701234
0.07947433
0.09670235
0.08223291
0.11145784
0.06388434
0.04425990
0.06689732
0.10136621
0.04741937
0.08722895
0.11198722
0.07595891
0.04405142
0.04767575
0.10322972
0.05760976
0.10215773
0.05902248
0.11537990
0.04733603
0.08292354
0.06820396
0.06714982
0.06805967
0.06670336
0.09312991
0.09756035
0.06466796
0.07845506
0.07980631
0.05232051
0.07344322
0.10474049
0.11513382
0.09083934
0.05610295
0.06674477
0.07146722
0.05129203
0.11270331
0.09708239
0.05680643
0.06691732
0.07999911
0.11413333
0.07143219
0.04330984
0.06847627
0.05107607
0.07706210
0.08826912
0.04227028
0.04081461
0.06148334
0.07609163
0.05346842
0.04341516
0.08479660
0.04865300
0.06665142
0.08741866
0.04468054
0.10525948
0.11701186
0.08386825
0.11516019
0.07900708
0.04437895
0.07216053
0.08995095
0.08749051
0.06066071
0.04032368
0.05165991
0.09899431
0.08663579
0.06553319
0.08659180
0.06797421
0.06479035
0.07318279
0.07314941
0.07853519
0.07829628
0.07180787
0.09600189
0.05537066
0.06489380
0.07577554
0.08900615
0.07487188
0.04515116
0.10608590
0.06819132
0.05513337
0.10166602
0.05945840
0.04680103
0.09141929
0.08928381
0.05819737
0.08444046
0.09579873
0.07480150
0.07189018
0.10893294
0.04863728
0.05299401
0.07097805
0.08007188
0.06347000
0.07407980
0.07922052
0.05301248
0.06504198
0.09451722
0.06012815
0.06572787
0.07983389
0.06980751
0.04061639
0.07479522
0.06942258
0.11067707
0.04007943
0.08463364
0.05222601
0.05530855
0.05903835
0.06041976
0.09121687
0.04947374
0.11771177
0.07796268
0.11995541
0.06460422
0.06438230
0.08223666
0.04103504
0.06688233
0.10695073
0.05040582
0.05469548
0.04707607
0.06736080
0.07291741
0.05792793
0.09763026
0.06277227
0.06837616
0.09542935
0.09990860
0.09790185
0.07646849
0.10100861
0.05712469
0.04041824
0.05678126
0.11739965
0.08250025
0.06326594
0.05200129
0.06344556
0.06169578
0.04330093
0.06540421
0.11936705
0.08630599
0.09720283
0.06760606
0.04571473
0.04374003
0.09089603
0.07421402
0.06364301
0.08696710
0.10519073
0.08814811
0.04322033
0.09999190
0.05607664
0.05292481
0.06754302
0.10137360
0.11516473
0.05895849
0.10446159
0.04894573
0.10714907
0.05448629
0.04167261
0.09224839
0.06613651
0.06956756
0.06874464
0.11981533
0.06031390
0.05102967
0.07036174
0.04094938
0.09865873
0.06594966
0.06005811
0.04032302
0.11940757
0.05641364
0.04125286
0.07101234
0.09588058
0.11013980
0.07696448
0.04741225
0.10193191
0.08811840
0.04603592
0.06656549
0.04879771
0.09598710
0.07913024
0.05646132
0.04290747
0.07629090
0.06490297
0.09307352
0.04760883
0.10635633
0.08216561
0.06081924
0.05586628
0.08885000
0.04022604
0.09170159
0.06217005
0.05791951
0.04779647
0.05870091
0.07473142
0.07660069
0.10353416
0.07853341
0.09555835
0.07412801
0.11852006
0.04754421
0.09956113
0.04460543
0.04383666
0.07149433
0.09859461
0.04960983
0.04424565
0.07248710
0.04621910
0.07548983
0.05256028
0.05426551
0.05207741
0.09425430
0.04180868
0.05310796
0.07953557
0.04434000
0.05556243
0.07469344
0.08105740
0.07936189
0.08764627
0.07258117
0.10149030
0.07680491
0.04754509
0.09639758
0.09032606
0.10560814
0.04458991
0.04364302
0.09179084
0.05465650
0.04325733
0.05193645
0.04370944
0.09080126
0.04394250
0.05557842
0.10820411
0.07531621
0.04425701
0.04270719
0.05921696
0.08871145
0.09430912
0.08188280
0.05940964
0.08243494
0.04321365
0.07961275
0.07733758
0.06633564
0.04366506
0.08296992
0.07632145
0.05281217
0.04703095
0.07310359
0.04534887
0.10446113
0.07989486
0.04546068
0.09597826
0.08064341
0.05664125
0.08120029
0.08664554
0.08211883
0.04313479
0.11599433
0.09063844
0.06033859
0.09112888
0.06583051
0.09361694
0.06808703
0.06427988
0.06780269
0.08822980
0.04436926
0.09578633
0.08779196
0.10292611
0.06327148
0.08687532
0.07967181
0.05892570
0.04876455
0.08403726
0.04897069
0.04093879
0.06722308
0.10038895
0.06241135
0.07178014
0.11374355
0.09977013
0.10064422
0.09237644
0.05328032
0.04618187
0.04074204
0.08912064
0.07450160
0.10264377
0.08578366
0.07978632
0.06601322
0.08048356
0.04719175
0.04602523
0.09777309
0.05473962
0.05665902
0.05373199
0.09170450
0.07136711
0.07122550
0.11656467
0.08051785
0.05244255
0.08302377
0.04553350
0.07296219
0.09994168
0.05306373
0.08098370
0.05887224
0.09254805
0.05932888
0.09940095
0.06366753
0.07049465
0.04424827
0.04315647
0.09202813
0.04723686
0.08325215
0.08807309
0.04646207
0.05039438
0.11272450
0.04701619
0.04683476
0.08956471
0.06023772
0.05995809
0.04637837
0.10530506
0.08753088
0.09094349
0.07678413
0.08544851
0.08833108
0.07625973
0.06675026
0.11968098
0.05771575
0.04530710
0.05767140
0.04213555
0.07098522
0.06345082
0.04670283
0.07671820
0.07547576
0.11607495
0.11259623
0.04660012
0.05218797
0.05512353
0.08447374
0.06978567
0.04134044
0.06559178
0.05434409
0.06132681
0.08648442
0.08989801
0.09420422
0.05711526
0.07340948
0.06987455
0.08876802
0.05618381
0.07033294
0.05428976
0.05649971
0.04007418
0.04621810
0.11628149
0.10120374
0.11851630
0.08384985
0.11668299
0.04918821
0.05409435
0.07603757
0.09681096
0.11527952
0.05843358
0.08894365
0.09864700
0.07053986
0.04348709
0.11315488
0.06638897
0.08839898
0.11420565
0.10230723
0.10490292
0.10923635
0.05927949
0.06674017
0.07207884
0.04983280
0.07733419
0.09447511
0.04390479
0.10838935
0.09345985
0.04786761
0.09575003
0.04819317
0.04327883
0.08379003
0.06815375
0.10037928
0.09223163
0.08794169
0.07119759
0.09054277
0.05760460
0.06147756
0.08088996
0.06377204
0.11007417
0.04020146
0.05095538
0.07869248
0.07153951
0.04354010
0.11261191
0.07325771
0.07783884
0.04873247
0.04385773
0.07710203
0.11704199
0.08229953
0.05984235
0.04031725
0.05482485
0.07321610
0.07103496
0.04771751
0.08007516
0.07058457
0.08472042
0.09285134
0.11555795
0.10765516
0.07975664
0.05809711
0.06259281
0.04181117
0.07535908
0.05259724
0.09325622
0.11093028
0.07757405
0.07790534
0.08606373
0.05779721
0.08682281
0.09264869
0.05551748
0.07172775
0.07644303
0.04690161
0.07502558
0.10597502
0.07653307
0.07604005
0.07621068
0.05657791
0.08258224
0.05508764
0.06475537
0.04752291
0.09833804
0.07248250
0.07033360
0.08642039
0.06371863
0.07695575
0.06161335
0.08608581
0.04908377
0.08044112
0.05429126
0.10134712
0.07522534
0.06248158
0.08012166
0.08994838
0.10917507
0.11235426
0.10084102
0.09466300
0.09217048
0.10573385
0.07736623
0.07737496
0.10598467
0.08298633
0.06472899
0.06843261
0.06708676
0.04829891
0.06567207
0.04396894
0.07990432
0.10559375
0.07521054
0.07265751
0.04734041
0.07270681
0.07770977
0.04325925
0.05486853
0.08923809
0.06181006
0.04843465
0.06232214
0.06755867
0.05442476
0.09300460
0.10086214
0.06631989
0.10271474
0.09645365
0.04958721
0.06844586
0.04027445
0.07539035
0.05772750
0.06949149
0.05823477
0.04920942
0.04748749
0.11095849
0.05297650
0.05685435
0.08155964
0.09381489
0.09342894
0.07592003
0.06432487
0.05355504
0.07092341
0.11550342
0.04260476
0.09655587
0.04369850
0.08399671
0.04675406
0.10808906
0.05192120
0.09524567
0.09820962
0.04342132
0.11377204
0.05001743
0.05418348
0.04986028
0.07370870
0.06311561
0.04991990
0.06681068
0.08984606
0.08672856
0.11121151
0.07763758
0.10376282
0.08363579
0.04458824
0.06958638
0.08293888
0.07562023
0.06495313
0.05730577
0.07834093
0.10421335
0.09553497
0.08322720
0.08251648
0.04624476
0.07545356
0.08876918
0.08285999
0.05540064
0.04803518
0.09520899
0.10333466
0.06057359
0.09500507
0.06820878
0.08512213
0.05636938
0.08272973
0.04887059
0.09870797
0.04392409
0.09026648
0.08336539
0.08127940
0.10010134
0.09925876
0.11598251
0.04764639
0.04586591
0.07261324
0.09897932
0.06563331
0.07946046
0.09118838
0.04049844
0.07774897
0.06797637
0.09285805
0.06120529
0.06636994
0.07340294
0.07274954
0.04328089
0.04927563
0.06224213
0.05766541
0.05396838
0.09931381
0.11523541
0.07177994
0.06578921
0.06044861
0.06630900
0.09291154
0.06801412
0.06429772
0.06528356
0.05977021
0.04712028
0.08986017
0.09016696
0.09442925
0.09809278
0.08160010
0.05986832
0.08105170
0.06203491
0.10225233
0.09758135
0.05579705
0.07872971
0.08462108
0.04500937
0.09583036
0.06632122
0.05775001
0.06281632
0.04479716
0.06639028
0.04698089
0.05999767
0.06394989
0.05637008
0.06884193
0.05145578
0.08396406
0.09684845
0.06336132
0.05330822
0.08752561
0.06322628
0.06025622
0.04767904
0.05864986
0.09865422
0.09748057
0.05042963
0.07453435
0.06842151
0.04545343
0.05241121
0.06328377
0.07451272
0.05861228
0.11775947
0.08393610
0.06476121
0.06752245
0.08535364
0.07656925
0.08702441
0.06417850
0.06326103
0.08361596
0.05355158
0.07124698
0.10563810
0.08828928
0.05823547
0.06883247
0.07481075
0.05876848
0.07874105
0.04222657
0.05479887
0.04012075
0.04270240
0.06246469
0.06903681
0.06345969
0.07441923
0.06988923
0.10720143
0.09063897
0.05572004
0.08129898
0.04819732
0.09585477
0.07807717
0.07328779
0.08439970
0.04783392
0.08502243
0.08767640
0.05121717
0.05654975
0.07228861
0.04333305
0.04956635
0.11978424
0.05997789
0.09971782
0.08680877
0.10964988
0.07656490
0.07684801
0.07399743
0.11153516
0.10090320
0.05318616
0.07340241
0.06271252
0.04260570
0.07051544
0.08423656
0.06063911
0.05983767
0.07250530
0.07629120
0.06722087
0.05354245
0.07524870
0.11386107
0.06118553
0.05492896
0.04273417
0.10041389
0.11795897
0.05528359
0.09607165
0.07947846
0.11023705
0.05111429
0.06927675
0.09328890
0.08659073
0.05770494
0.06361087
0.06383033
0.10657990
0.08608191
0.07421678
0.07188216
0.06427065
0.04995844
0.08573335
0.07327580
0.11104386
0.08372013
0.07179645
0.11730931
0.08850844
0.08987120
0.08276583
0.06992998
0.07966812
0.04528377
0.04846796
0.08590696
0.05554858
0.06156730
0.07955696
0.08424711
0.07081276
0.10815232
0.04551217
0.04460566
0.04961525
0.08904379
0.05357524
0.08422251
0.11042571
0.08222708
0.06616242
0.06813098
0.07922039
0.04723200
0.05414407
0.10065928
0.09128312
0.05090477
0.06490418
0.08805584
0.07040694
0.06892525
0.11749835
0.06837381
0.10960155
0.04953835
0.11432910
0.11138562
0.07163627
0.05396628
0.04791155
0.09138188
0.10568724
0.04534833
0.05662525
0.09437397
0.09763226
0.06291363
0.04372706
0.05351160
0.04666982
0.04491595
0.06510879
0.06060913
0.04791426
0.06761539
0.06142690
0.05874997
0.10099203
0.08220656
0.07555498
0.06719877
0.09899575
0.08051087
0.08938948
0.05314019
0.05342631
0.07274390
0.09141908
0.06175025
0.04527592
0.06639774
0.04119992
0.08898656
0.05141852
0.05100818
0.10712774
0.06592390
0.05180354
0.04192793
0.09977406
0.04676495
0.08398372
0.10275258
0.06002366
0.05428380
0.07352354
0.05982960
0.11154815
0.07716914
0.07608882
0.09448692
0.05157266
0.08132015
0.06762272
0.05887575
0.08964264
0.10559390
0.10368954
0.05114760
0.06934185
0.05418339
0.07300637
0.04707247
0.05332994
0.05763197
0.09441143
0.04654698
0.11650324
0.06321634
0.05908375
0.06418681
0.09291510
0.05253998
0.06713609
0.05219470
0.05731188
0.09955553
0.09179926
0.06477969
0.11060258
0.10687016
0.11552868
0.04916329
0.04557642
0.07254555
0.10577676
0.08996143
0.10272758
0.11465247
0.06604406
0.06799532
0.09013575
0.09223520
0.05352970
0.05257479
0.10654327
0.08569570
0.07766673
0.11814040
0.07206973
0.06462623
0.08374915
0.08089197
0.06771178
0.05158248
0.04556493
0.04607300
0.07290602
0.08232011
0.10371179
0.10983685
0.05812944
0.06296782
0.07546801
0.10083925
0.08582293
0.05351757
0.09799440
0.07013847
0.11862595
0.09624935
0.04542565
0.08110640
0.05327341
0.05582361
0.09345530
0.04910084
0.08238885
0.10473078
0.05930476
0.05994804
0.04754364
0.06364988
0.04947977
0.11746885
0.11520118
0.04510468
0.07052994
0.06643103
0.04102299
0.06465513
0.06410239
0.05834373
0.09107923
0.06210537
0.08381509
0.07623809
0.09634779
0.06064371
0.05362765
0.08862429
0.10970610
0.05413960
0.05303897
0.04970937
0.05245191
0.05669188
0.04365913
0.07056001
0.04301794
0.08598405
0.04968809
0.07554881
0.04213110
0.09312631
0.07433781
0.10089833
0.06095003
0.04271058
0.08752778
0.09664486
0.10063783
0.08913995
0.04176078
0.05131288
0.10831098
0.04505857
0.05971070
0.04610584
0.06436220
0.07672988
0.05072264
0.06308142
0.10950229
0.09751208
0.11587597
0.06672186
0.05885325
0.04478508
0.10187578
0.10790480
0.07774701
0.09706246
0.08760514
0.06089355
0.11460346
0.05854614
0.04240092
0.06145411
0.04663967
0.08714413
0.08975369
0.05973870
0.07177516
0.10087500
0.11589934
0.11375499
0.08106160
0.10120114
0.08507456
0.06791478
0.04613319
0.07215984
0.04841527
0.11381431
0.10003145
0.04727347
0.07099541
0.09086050
0.05658121
0.06366088
0.08361117
0.09227946
0.08763844
0.06460136
0.07318388
0.05508688
0.06419334
0.05115833
0.04863683
0.11427765
0.05676271
0.10363760
0.04225874
0.05902718
0.06941314
0.04740587
0.11676634
0.07502869
0.06589200
0.11917941
0.11124394
0.10885896
0.05378168
0.05808550
0.04276160
0.04255076
0.11121975
0.08717382
0.07136595
0.09425224
0.06187647
0.06105110
0.05376863
0.04412218
0.06140458
0.04332144
0.09902981
0.04023504
0.04621017
0.10509337
0.07366347
0.05160551
0.10959741
0.08173700
0.07394487
0.04391242
0.09934861
0.08950390
0.10032452
0.09826222
0.11713291
0.10133353
0.04406766
0.05440689
0.06996623
0.07605464
0.04975672
0.11592080
0.09871825
0.06632977
0.11902595
0.11388256
0.06788600
0.05865923
0.04242078
0.05076123
0.06701869
0.08448849
0.06365598
0.08507539
0.09762348
0.11298337
0.07251314
0.10496018
0.09802331
0.10786958
0.06091103
0.04739000
0.11369029
0.04815342
0.07061406
0.09473962
0.05142924
0.04929567
0.05329651
0.07771729
0.08425797
0.07137561
0.11136484
0.06597386
0.07491115
0.04127352
0.04244050
0.09180471
0.08287493
0.06188977
0.08341780
0.06727953
0.05915442
0.07017494
0.08572656
0.06581558
0.09203087
0.11816047
0.08298046
0.10002448
0.08081562
0.10887767
0.04447534
0.10912959
0.05621093
0.07870541
0.06253269
0.09032592
0.09075748
0.10509316
0.06712461
0.06776773
0.08411126
0.07264023
0.05608815
0.07175162
0.05558831
0.04812900
0.05134515
0.10522594
0.11995097
0.05472434
0.10812244
0.11016713
0.06119771
0.08735013
0.08283978
0.05896100
0.07064861
0.06391909
0.11147841
0.04058668
0.04130076
0.08920751
0.10634454
0.05998217
0.10398779
0.05594950
0.11849622
0.05477958
0.04846014
0.10729113
0.04238823
0.08569800
0.06868780
0.05890421
0.04224405
0.05765362
0.09769641
0.04995970
0.04965722
0.04095532
0.07547757
0.08365971
0.05716660
0.04674776
0.08538779
0.06780236
0.09029115
0.07795426
0.05171642
0.04237654
0.04473652
0.07501900
0.07448585
0.08444133
0.11726270
0.08275312
0.06763999
0.09186413
0.07061571
0.10035465
0.08942424
0.09771806
0.05612893
0.09042606
0.05537702
0.05046856
0.04213819
0.11263511
0.05346156
0.06101494
0.08450005
0.11237369
0.05789708
0.07602025
0.07445196
0.07706123
0.07769509
0.04889120
0.07765177
0.04124511
0.09543052
0.08455200
0.05226741
0.06332959
0.05178980
0.07827191
0.09526519
0.11086036
0.04867505
0.05357589
0.04198929
0.09126195
0.04232451
0.06021543
0.09753858
0.04386675
0.06732375
0.04370932
0.06821705
0.08226229
0.07562282
0.07935115
0.10893999
0.05774703
0.07478944
0.11411867
0.07147117
0.07477201
0.06719801
0.11882138
0.04996903
0.08945035
0.10539053
0.06943506
0.09696131
0.10369398
0.11181561
0.05191340
0.04201230
0.07462597
0.08926715
0.05676133
0.08616587
0.07711395
0.08274877
0.09410797
0.07190221
0.10171842
0.07041302
0.08357264
0.06912139
0.07699522
0.06524749
0.09395004
0.06569834
0.08992032
0.04339847
0.11110668
0.10034865
0.04402223
0.06278086
0.10057342
0.09427067
0.08157200
0.04587908
0.11648908
0.04611214
0.10929373
0.07244551
0.04884806
0.04334797
0.07863104
0.09245039
0.09663157
0.11373604
0.08916613
0.05999872
0.08617658
0.04060029
0.06779743
0.07780594
0.07474613
0.09176492
0.06295305
0.08640952
0.11104311
0.09353766
0.05964461
0.04879705
0.07938372
0.09234897
0.08897327
0.08523828
0.05721804
0.07601216
0.07078774
0.06699564
0.11869871
0.11411916
0.06536927
0.06475282
0.04575625
0.09000975
0.06366978
0.06080767
0.06303730
0.08029647
0.10432523
0.05922161
0.08358550
0.09292135
0.04992366
0.06676690
0.10285147
0.11831623
0.08467693
0.11625100
0.09829647
0.06000211
0.06351305
0.09985866
0.05068394
0.06865952
0.06059750
0.07030235
0.10082753
0.10416868
0.05042459
0.06392426
0.05563961
0.09251255
0.10299427
0.11617639
0.08565513
0.07389272
0.06271625
0.09222207
0.04602263
0.07268122
0.05269895
0.07434946
0.10054286
0.10336943
0.07489862
0.05201933
0.06134954
0.10158320
0.05303665
0.11366140
0.05777303
0.08365680
0.09846038
0.06907551
0.07103039
0.09589641
0.04446797
0.10941554
0.05687520
0.05377922
0.05349333
0.06772787
0.10899030
0.10583875
0.10005432
0.09457659
0.09494529
0.06648010
0.05691634
0.05225286
0.08184001
0.09742731
0.04822486
0.10684601
0.04624143
0.09375613
0.04809718
0.11200046
0.05907165
0.04472267
0.04047721
0.07717989
0.05657024
0.06755117
0.09190872
0.09007919
0.11626685
0.05619348
0.07330958
0.08744962
0.05640511
0.06020622
0.04227052
0.08619388
0.06683777
0.08866591
0.04781497
0.06705446
0.04238809
0.06892083
0.06883726
0.04570847
0.04158548
0.10359769
0.08705266
0.06553916
0.05222791
0.09347569
0.05165692
0.05520210
0.11380062
0.07120405
0.10182707
0.05791902
0.06553681
0.04986611
0.05310293
0.08200340
0.06081972
0.07069457
0.05863907
0.11143339
0.06606230
0.10319804
0.04344366
0.06265692
0.07427798
0.07251615
0.06499415
0.10468211
0.06895769
0.11143652
0.06642675
0.05042396
0.09833042
0.06412925
0.05809217
0.04737448
0.10850407
0.10312232
0.05157825
0.05639811
0.09634326
0.06432793
0.04624133
0.05523832
0.08920727
0.09498067
0.04229002
0.05165648
0.06976916
0.09904828
0.07962111
0.07476783
0.10087500
0.07837446
0.07034428
0.11158165
0.06874134
0.08885151
0.10753916
0.11249300
0.06354763
0.05434163
0.05050906
0.11785100
0.11009517
0.10285439
0.05044350
0.04060063
0.07930807
0.09183400
0.09518779
0.09418265
0.08624945
0.05818142
0.04993405
0.06229892
0.05579265
0.06244138
0.05583162
0.06858733
0.07347249
0.07294313
0.08246409
0.11919691
0.06671530
0.08192941
0.04673317
0.07564524
0.09264606
0.08028674
0.11129987
0.11595836
0.06456841
0.06645989
0.10603016
0.06341499
0.10446330
0.06149556
0.07729707
0.04171855
0.05559419
0.09286292
0.10094272
0.11670759
0.05067903
0.10478954
0.06465572
0.10207606
0.08107609
0.04187962
0.07461977
0.07906101
0.10047265
0.06308223
0.06267067
0.05532674
0.07645159
0.05496836
0.04940809
0.10123680
0.09795354
0.04891462
0.04771067
0.10191628
0.06265957
0.05626363
0.04129528
0.05800346
0.06087927
0.11714453
0.06492533
0.06218172
0.05313614
0.04708473
0.08488642
0.08085043
0.05825504
0.06736927
0.04428550
0.06073571
0.04026932
0.07346434
0.08026909
0.04295545
0.07979445
0.06619501
0.10123652
0.04526464
0.07971671
0.10934104
0.07939778
0.04135807
0.08572163
0.08634681
0.07566115
0.06251972
0.05481486
0.09401320
0.11752100
0.09239445
0.07535288
0.05233635
0.05051439
0.08691647
0.05796888
0.11641753
0.04036662
0.04043986
0.08745857
0.11240101
0.09463818
0.06546326
0.11468020
0.07227936
0.09026403
0.04579885
0.05477029
0.10626217
0.05594077
0.07005415
0.07986273
0.07855850
0.05702709
0.06076852
0.08642854
0.11592347
0.06278455
0.05478735
0.05596114
0.05129164
0.09766700
0.07004134
0.05343772
0.04289549
0.10378911
0.05528046
0.04598656
0.07288511
0.06896854
0.05238006
0.06063340
0.04423360
0.04107714
0.08266404
0.07483042
0.09760595
0.08747766
0.07189384
0.06222528
0.11827233
0.07732577
0.07322663
0.10301800
0.08344359
0.04985203
0.05914132
0.04254009
0.07341945
0.08773517
0.06789892
0.10594540
0.05885701
0.09949026
0.06176616
0.11008513
0.09100657
0.08228115
0.07932738
0.07227689
0.06836804
0.08272460
0.07025163
0.04970455
0.07363503
0.06112442
0.06468255
0.06302858
0.05108707
0.10585433
0.08307681
0.09288537
0.10389527
0.11978797
0.08499645
0.07221522
0.10110015
0.04404706
0.11301426
0.11754358
0.05441852
0.05178033
0.08875805
0.05666717
0.09811883
0.06093976
0.11531524
0.09195921
0.09109679
0.04199331
0.10238978
0.11759996
0.11905934
0.08136859
0.11372425
0.08346112
0.05530932
0.06359178
0.05724044
0.05617451
0.09950674
0.04324965
0.06308214
0.04438656
0.06083326
0.04804398
0.04388316
0.04864053
0.08365101
0.04037127
0.09381911
0.04380759
0.08831789
0.07116176
0.11096519
0.10940143
0.06398689
0.04421682
0.09491864
0.10368269
0.05502750
0.05752429
0.10505626
0.06100076
0.08571575
0.05081943
0.08776804
0.06681252
0.04525478
0.04446808
0.06608266
0.11936621
0.10708410
0.10550287
0.04191612
0.11611919
0.06073023
0.10902013
0.08979088
0.06312535
0.04408391
0.09012663
0.04159623
0.04639433
0.05582931
0.05456441
0.07143100
0.06748045
0.05770362
0.09311642
0.06458612
0.09417609
0.06052281
0.07059095
0.04401513
0.08628995
0.04458785
0.05400056
0.10589586
0.06654005
0.06127122
0.04824455
0.07870696
0.06311205
0.05605650
0.11760856
0.06844149
0.04918828
0.11560459
0.05778265
0.06377997
0.06655337
0.06314537
0.04124345
0.06617119
0.10835519
0.05105306
0.08069477
0.10164230
0.04171746
0.07562858
0.05564207
0.05387366
0.09045391
0.09130672
0.07133431
0.10535082
0.09742638
0.07194048
0.10192597
0.05879601
0.10950405
0.08215779
0.04713338
0.04696662
0.05550349
0.07120483
0.05060562
0.10476014
0.06039605
0.10482912
0.09335354
0.08792797
0.07161252
0.08785682
0.06585198
0.05256677
0.10192112
0.04119127
0.07256512
0.05543571
0.10716302
0.06256983
0.05315905
0.07257972
0.04312234
0.06500673
0.07446502
0.09226091
0.05528769
0.06685073
0.07364838
0.07061348
0.05876926
0.06303108
0.06615811
0.07190831
0.10715910
0.07065904
0.10207080
0.06611811
0.09858994
0.05628078
0.08399139
0.05468710
0.06370161
0.10430115
0.04315942
0.10631710
0.05501448
0.09564707
0.10975722
0.05435939
0.04873800
0.10502436
0.07561050
0.08211196
0.09440932
0.04902323
0.10832752
0.04537688
0.07795871
0.07170455
0.05218657
0.08172531
0.05722398
0.04400638
0.06844416
0.08876255
0.07190591
0.08835934
0.04662034
0.05093872
0.06208641
0.04737223
0.08743425
0.07552721
0.10695100
0.04099212
0.09567257
0.07544758
0.06164131
0.04316364
0.05490831
0.10037183
0.09875244
0.09356162
0.07571659
0.10973067
0.10313711
0.07078766
0.06548068
0.08440978
0.07352006
0.05164747
0.04518041
0.11625997
0.05007932
0.05821319
0.06922780
0.11377694
0.05131216
0.10408997
0.06690263
0.04803442
0.11327639
0.07792960
0.06402863
0.06221845
0.05944645
0.11810578
0.08230922
0.04757775
0.04644282
0.10750746
0.06195837
0.09980638
0.11141967
0.04514597
0.05508140
0.04537613
0.07738217
0.06615164
0.05189963
0.05489721
0.04691102
0.07541758
0.07656482
0.07180735
0.07981363
0.06154013
0.07511563
0.08790933
0.11547766
0.05030828
0.08297533
0.10220835
0.10026214
0.06518729
0.05536651
0.04645469
0.11151796
0.05894364
0.08030214
0.11231342
0.07180263
0.04885861
0.08876579
0.06165704
0.07323703
0.06373005
0.05935263
0.06766127
0.08770381
0.07007493
0.11559358
0.10983953
0.05560838
0.07237473
0.07361972
0.08411818
0.06291611
0.10689294
0.05281215
0.04000313
0.09579840
0.07828654
0.09795209
0.04743560
0.09758932
0.10799042
0.08867464
0.07850000
0.11986485
0.10325605
0.04069487
0.04657539
0.08323975
0.07580335
0.11243308
0.05465528
0.09728215
0.09641362
0.06471919
0.09674816
0.07668812
0.08585046
0.10476821
0.07057122
0.05226900
0.04490985
0.11072953
0.10710933
0.09352745
0.07913566
0.04124900
0.05023084
0.04950332
0.08772170
0.07960496
0.05597889
0.08599063
0.10140881
0.06577551
0.08490366
0.10180363
0.08458508
0.07893906
0.09750318
0.11809904
0.11972286
0.05147468
0.06619784
0.05807224
0.05564096
0.06196587
0.11077123
0.09142497
0.06864846
0.06737765
0.08287893
0.05353339
0.08557052
0.06820149
0.05602267
0.08737000
0.09580467
0.04485137
0.07045218
0.04006015
0.05279186
0.04733740
0.06291024
0.08866966
0.09855904
0.07285360
0.08612897
0.07018973
0.10624320
0.05579197
0.04713177
0.06935535
0.05258874
0.06995259
0.05022200
0.07541639
0.06523914
0.11433845
0.04697190
0.05850707
0.08215249
0.05542899
0.04230158
0.04977036
0.08686038
0.04628700
0.08496740
0.09195021
0.06522790
0.10185387
0.05165322
0.04013853
0.06318556
0.04819943
0.09116573
0.04049192
0.05604626
0.11581932
0.07664189
0.11022354
0.10921799
0.07413523
0.08139862
0.05666464
0.08763871
0.04739920
0.05561586
0.08523133
0.04461429
0.05085252
0.06125836
0.09695779
0.07705174
0.05003241
0.06303611
0.09833722
0.06571547
0.11135907
0.05639728
0.05174565
0.11214932
0.08242986
0.04953268
0.04708326
0.05499785
0.07442813
0.04246232
0.06269779
0.11491483
0.09274180
0.04426431
0.04163172
0.08444650
0.04848165
0.08425009
0.09661887
0.04351692
0.05364447
0.08848010
0.06243639
0.07134710
0.09132809
0.07313432
0.07794291
0.05003185
0.04523515
0.05139433
0.11514797
0.06232106
0.06122283
0.04932555
0.10936232
0.06703290
0.06912803
0.06311546
0.10617939
0.10086849
0.05844623
0.06610555
0.06106604
0.07428453
0.11127025
0.07376398
0.10499557
0.10603804
0.07302273
0.07513822
0.10303555
0.08628955
0.11112880
0.06332890
0.04618688
0.05720047
0.04199405
0.04256204
0.07334082
0.07743570
0.10160759
0.06347155
0.07081052
0.05803444
0.07330266
0.08839524
0.08593143
0.05980637
0.04001933
0.10253302
0.06291162
0.08208279
0.07903325
0.07804126
0.09171058
0.04201644
0.09532551
0.06861698
0.06361320
0.09855148
0.04750980
0.06927204
0.04648155
0.06824485
0.10495518
0.10486026
0.07027671
0.05759824
0.04424723
0.04967191
0.06186131
0.10686341
0.11521244
0.04240530
0.06775217
0.05654223
0.05757399
0.11560102
0.09334806
0.07999550
0.08362358
0.09878036
0.11252709
0.08044493
0.11661364
0.06412402
0.04452639
0.05358002
0.06537556
0.07183746
0.09504133
0.06841102
0.11645433
0.08444317
0.05684845
0.09494961
0.11702889
0.11845924
0.05199615
0.06521015
0.08555454
0.07531443
0.06799380
0.08462003
0.05123989
0.04411462
0.05654685
0.06433287
0.09017933
0.06756666
0.04976559
0.04283995
0.09714185
0.06965222
0.08811549
0.04421269
0.05100244
0.06019473
0.06692431
0.08500446
0.09079001
0.05546493
0.05794031
0.05566939
0.04068190
0.08764391
0.11075229
0.04588886
0.11531613
0.08345367
0.06199003
0.04750992
0.05743603
0.06445109
0.07942130
0.05616005
0.10712976
0.08783083
0.07810856
0.07170843
0.08976770
0.10477499
0.07675214
0.09349020
0.06756516
0.10808229
0.06122437
0.09013502
0.05999779
0.09624438
0.11164495
0.10318045
0.04102978
0.07059889
0.06629128
0.05959032
0.04376998
0.05974269
0.08654934
0.05181886
0.05735760
0.11130460
0.05087397
0.06260650
0.08489716
0.08625520
0.04626017
0.10865744
0.11685618
0.11845804
0.06445850
0.09197540
0.06558509
0.07165780
0.06586436
0.04172428
0.07058516
0.09384384
0.06065244
0.05766510
0.04554928
0.11327121
0.04297450
0.04690800
0.11232579
0.07985367
0.09219302
0.06357845
0.06874685
0.04883508
0.07975089
0.07197744
0.04798136
0.04950449
0.05536978
0.07423513
0.04433764
0.09425412
0.06920067
0.07796808
0.09399385
0.08224047
0.05517999
0.04440239
0.11310591
0.11796365
0.07029109
0.10507104
0.08502103
0.10071592
0.10405149
0.06805210
0.11336733
0.07117705
0.08363489
0.08193150
0.08518290
0.07399748
0.08303924
0.06890485
0.07220035
0.05721395
0.10420304
0.07692384
0.04691493
0.05431721
0.07594511
0.09253767
0.05346981
0.09584149
0.06148011
0.10784486
0.07522999
0.11244088
0.09861829
0.05346985
0.08858049
0.08438288
0.11213828
0.05192631
0.05315654
0.04506803
0.04056860
0.09629266
0.09152525
0.07508367
0.04535718
0.08260595
0.08541425
0.06737144
0.05762378
0.09722941
0.04486849
0.07037258
0.06006736
0.07563398
0.09392640
0.08426816
0.07372244
0.06597410
0.07281607
0.06219906
0.07462661
0.06416444
0.08549505
0.08110630
0.09333738
0.08548044
0.04858288
0.10858917
0.06506188
0.07720108
0.11346043
0.11887736
0.04267155
0.06054920
0.05818618
0.11005042
0.07876261
0.07287217
0.05343547
0.07796268
0.06385771
0.09373512
0.09769252
0.10605343
0.08335731
0.04399829
0.04949870
0.08174604
0.09519586
0.05760669
0.05032099
0.11490898
0.07846493
0.06437214
0.04701923
0.11363476
0.08980329
0.07144294
0.09880793
0.05538918
0.06220819
0.06263350
0.08504272
0.07982713
0.05085913
0.09107224
0.07235718
0.10218051
0.08491271
0.09898111
0.08848493
0.06490763
0.07084057
0.06591650
0.05929672
0.06065923
0.07339737
0.11791102
0.06292142
0.10448946
0.05469389
0.07406228
0.04879379
0.07009662
0.04854869
0.07683485
0.08267405
0.09435839
0.05846450
0.07458439
0.11285644
0.05605200
0.04748101
0.08369488
0.04916630
0.08054551
0.04314165
0.06144937
0.04967205
0.05193392
0.05289370
0.09457070
0.05868947
0.10599525
0.04548059
0.05319782
0.09739523
0.07977064
0.06715648
0.05232490
0.11362395
0.05502134
0.07133495
0.05582149
0.06198600
0.05652432
0.04785728
0.11636844
0.08190045
0.07892522
0.08448694
0.09952343
0.07741270
0.04609635
0.05792784
0.07561541
0.05128574
0.07115677
0.09437242
0.05753012
0.08031558
0.05290448
0.10095445
0.05788491
0.07412963
0.08071040
0.11552271
0.04228297
0.06937306
0.04424100
0.06998504
0.06845393
0.10462873
0.05604306
0.07041289
0.04241847
0.04533537
0.04556064
0.05955630
0.07297089
0.07586399
0.04183702
0.04192637
0.06883336
0.07121216
0.06815901
0.08371434
0.09536020
0.10814405
0.04565846
0.08379099
0.09339466
0.06397850
0.05540609
0.06993959
0.04150373
0.05131660
0.08364051
0.09313713
0.09111447
0.05291921
0.04663114
0.07904984
0.08166130
0.05792315
0.07341929
0.09754647
0.07530620
0.07165839
0.06018066
0.11059418
0.09333146
0.10301039
0.06686174
0.06285178
0.08632623
0.06409715
0.05421995
0.04832075
0.11149101
0.04915073
0.04656724
0.04460522
0.06030113
0.07431365
0.10065066
0.05816465
0.07167655
0.04865845
0.08944131
0.08997538
0.08724531
0.05487496
0.09172772
0.04422040
0.07001926
0.06988736
0.06885981
0.09063278
0.08891769
0.07508825
0.06621119
0.09587009
0.07710177
0.05726245
0.05620582
0.05629549
0.05392355
0.11274456
0.10508936
0.04193585
0.10344121
0.10159071
0.04338925
0.07245817
0.04008188
0.08740011
0.05574975
0.06977820
0.07516591
0.11877063
0.04867341
0.10120467
0.05335785
0.09841689
0.04974475
0.08762304
0.11508448
0.05160110
0.06873902
0.05515180
0.08553840
0.07248501
0.06748074
0.10032578
0.07474830
0.08190313
0.06891291
0.04371014
0.07662341
0.04530933
0.07255466
0.09926007
0.05685270
0.04494534
0.04813223
0.06193274
0.05795183
0.07207629
0.10913461
0.04144687
0.05110792
0.05914011
0.06534368
0.11626994
0.04711518
0.10213855
0.06941484
0.05086844
0.05312782
0.10959022
0.08218165
0.05922265
0.08101821
0.10782467
0.06711187
0.09562277
0.08132138
0.07671734
0.08693361
0.08714528
0.05272750
0.06312915
0.09031854
0.07407754
0.05036497
0.05049041
0.04954366
0.05609274
0.10894630
0.10086030
0.09499224
0.07463868
0.07932485
0.09926986
0.10655064
0.08007941
0.07546247
0.07599076
0.05637196
0.05923250
0.11295784
0.04617747
0.09402820
0.07694298
0.05985524
0.07303002
0.04704681
0.10681317
0.04464112
0.04778784
0.07633470
0.06968410
0.10160439
0.05992739
0.10213042
0.06034828
0.05043364
0.04331355
0.10980423
0.05390548
0.04043903
0.08170628
0.09004026
0.06579327
0.08327314
0.04064611
0.08894550
0.05605111
0.07761916
0.09203345
0.09765470
0.11839566
0.10353713
0.11102803
0.09761820
0.06419896
0.08407010
0.07529721
0.06499862
0.04469019
0.05045805
0.05436178
0.07759812
0.05734959
0.06377037
0.10592596
0.09271902
0.08493289
0.10861987
0.07925033
0.06606713
0.07906930
0.04040017
0.05303470
0.11597958
0.05858123
0.09587293
0.04576569
0.06332520
0.07226156
0.11278016
0.05209782
0.09552829
0.09769148
0.08077172
0.04530949
0.07732507
0.10625593
0.05683215
0.06053106
0.10519994
0.04747530
0.10773147
0.04431271
0.09935195
0.10833796
0.10558556
0.08217473
0.09978193
0.11526536
0.08745532
0.05041089
0.05686058
0.06710810
0.10743095
0.07008564
0.11983649
0.07574103
0.11793840
0.04089253
0.04035017
0.07356341
0.05903390
0.07250261
0.04198773
0.11620696
0.07446106
0.05492367
0.05573636
0.05086106
0.04612571
0.08275161
0.04106644
0.11909135
0.09269347
0.07011684
0.08547153
0.09816560
0.08997745
0.11404204
0.07289480
0.05030939
0.05269309
0.11643770
0.08519223
0.05803972
0.05130310
0.04465549
0.06652160
0.05153725
0.05413954
0.04437299
0.10854814
0.05828332
0.08175965
0.08172007
0.05758494
0.08815116
0.08895615
0.06650117
0.06183641
0.08032198
0.10658459
0.09263372
0.06156868
0.09368672
0.05271675
0.07080837
0.06315593
0.05795639
0.10152274
0.10013746
0.05198522
0.06630708
0.05218611
0.07569414
0.08978507
0.11051996
0.10763954
0.08320749
0.06557518
0.07413040
0.05188056
0.11617307
0.06192615
0.05140138
0.04406838
0.05820234
0.11000871
0.09910959
0.07141633
0.11365932
0.07387491
0.11971887
0.10292878
0.05616990
0.06761097
0.06659777
0.07849075
0.10334532
0.08239473
0.05238548
0.07790656
0.08909052
0.09141880
0.07158920
0.06152617
0.07557188
0.06662237
0.06392341
0.04222815
0.05393125
0.09052172
0.07882565
0.07690289
0.09114358
0.06661854
0.05715163
0.05350741
0.04681594
0.08595238
0.09634734
0.06074566
0.07517282
0.05868027
0.09057332
0.05084603
0.05122506
0.05181462
0.08219511
0.10671363
0.08754374
0.05536665
0.07662607
0.06993934
0.11641285
0.09689892
0.06669588
0.09846895
0.10314035
0.06600182
0.06235339
0.05137739
0.07840792
0.06849414
0.11321006
0.10547164
0.07030600
0.09789145
0.04756214
0.09584907
0.06366602
0.04542314
0.05529596
0.07017999
0.06622519
0.08210305
0.09316261
0.05801108
0.07753890
0.04711872
0.11937930
0.09462091
0.04987022
0.07040176
0.06265290
0.08273018
0.07819107
0.10004841
0.06965053
0.04825061
0.05293666
0.05667841
0.05676391
0.08050420
0.04724212
0.04246013
0.06058589
0.09408644
0.08027079
0.05827372
0.04281533
0.04213231
0.07212461
0.06410968
0.11601182
0.08888936
0.08078468
0.08439553
0.08377287
0.10963892
0.04120994
0.11702361
0.07718032
0.06024487
0.11622804
0.04640677
0.06631353
0.08289278
0.10394711
0.11590754
0.07209652
0.07196929
0.09701268
0.04963606
0.04819764
0.08350444
0.10970139
0.08082784
0.09916005
0.11015481
0.07541548
0.06999883
0.07501059
0.06707639
0.10734710
0.08507617
0.07242467
0.09203045
0.04037659
0.11513578
0.09821909
0.06911916
0.08844989
0.10997365
0.04767405
0.04250497
0.11273651
0.04643952
0.08524182
0.10021539
0.04349267
0.05356288
0.06760409
0.06992040
0.04838710
0.09184328
0.10636818
0.06950065
0.04402954
0.10677374
0.11384640
0.09807435
0.08419433
0.05689738
0.11987291
0.06056033
0.11186115
0.07418027
0.08914306
0.06992455
0.11825917
0.05213862
0.09795656
0.11765754
0.11992024
0.08781925
0.05400746
0.09237440
0.08597463
0.09365185
0.08030026
0.04927628
0.04633517
0.06302709
0.04463303
0.10830612
0.08357893
0.05219927
0.05297815
0.04231448
0.05785069
0.07375759
0.09170832
0.09151072
0.05494030
0.07846465
0.10558678
0.10831139
0.08694018
0.04801159
0.09280398
0.07694569
0.09991949
0.04314972
0.04737753
0.04505591
0.06903287
0.07728894
0.06460391
0.11916848
0.10083148
0.05745519
0.09660838
0.04010673
0.11872728
0.06101009
0.05248989
0.04896009
0.04372836
0.09341897
0.05399926
0.04510792
0.09698282
0.04046919
0.04541841
0.10398010
0.09619109
0.10233270
0.08718727
0.07313155
0.04653199
0.07404922
0.06655317
0.09707203
0.11621861
0.05400310
0.07015702
0.05511439
0.10784439
0.08429696
0.08259641
0.06921247
0.05063107
0.06119538
0.06512172
0.08040990
0.04596053
0.08259522
0.05963609
0.05810585
0.07808025
0.04662567
0.09258305
0.06400533
0.04695887
0.05226772
0.10291729
0.08593699
0.04020017
0.07061904
0.04001510
0.06393475
0.04155620
0.05326243
0.04542344
0.05055810
0.06261013
0.07872857
0.05443813
0.05133749
0.11965316
0.05861912
0.07043094
0.07015698
0.08252994
0.11479262
0.05126886
0.10602974
0.04952592
0.11194286
0.05625081
0.08908388
0.08386000
0.07655036
0.09291699
0.09473343
0.09232140
0.11108904
0.11758748
0.05019687
0.06453115
0.08992510
0.08585010
0.05961770
0.05512995
0.07253315
0.04958368
0.11090268
0.05857475
0.04227962
0.06791422
0.09589102
0.11910865
0.10050957
0.09660059
0.04288775
0.11371915
0.10762606
0.09472145
0.07419459
0.08097893
0.04435895
0.05487052
0.10034948
0.07818080
0.05528038
0.06910596
0.07259316
0.08227056
0.04927839
0.05415592
0.07400680
0.08144404
0.08387627
0.10191201
0.06878847
0.07667003
0.07871736
0.07996055
0.04239577
0.06904905
0.05204535
0.08661178
0.05506458
0.11845135
0.06431517
0.09957817
0.04324746
0.07594422
0.07860449
0.05042475
0.07583669
0.04601947
0.05976320
0.10216787
0.08527353
0.09027655
0.11695886
0.06267050
0.09982249
0.08785273
0.06899851
0.08169022
0.11253889
0.08700468
0.10340537
0.05692600
0.11219011
0.05361629
0.05851182
0.09083652
0.08002549
0.08914950
0.06624495
0.11059122
0.11105172
0.08714734
0.08660143
0.09157067
0.05598865
0.05528382
0.07357409
0.04083909
0.04208449
0.08880968
0.04483919
0.08117110
0.06588878
0.07714236
0.11119452
0.07916558
0.04833645
0.04990696
0.10202237
0.04002659
0.11023241
0.07356744
0.05364074
0.07415431
0.07080973
0.09999919
0.06789574
0.06544725
0.04102672
0.08746506
0.08592396
0.10440899
0.06396003
0.04169270
0.06041961
0.06534508
0.08265267
0.08338231
0.06393136
0.09572874
0.04320118
0.04375408
0.04981398
0.08161081
0.05426385
0.10866044
0.04822469
0.06087764
0.09216730
0.04257289
0.05451606
0.11623353
0.07911871
0.11130388
0.07354565
0.11542293
0.10331749
0.06702652
0.10585197
0.04397953
0.07747521
0.04789617
0.11966261
0.11519212
0.04762591
0.06557281
0.04484805
0.10687407
0.05161734
0.07380471
0.06122695
0.06911771
0.07461162
0.06910716
0.06145892
0.11197972
0.07619680
0.09904315
0.07105253
0.04829978
0.08980631
0.04304695
0.07717332
0.08379647
0.06619452
0.07963350
0.05229363
0.11211674
0.08424801
0.05798734
0.05766132
0.06499750
0.06587340
0.10010573
0.11123721
0.04858533
0.07781657
0.10508494
0.08666532
0.05364198
0.11621528
0.11821493
0.08564641
0.04690987
0.09956877
0.05441108
0.07935462
0.04757033
0.05574806
0.11107289
0.08120708
0.11112391
0.05094809
0.06820659
0.04186004
0.07356329
0.06372245
0.09029801
0.07348571
0.09071631
0.05580428
0.04299421
0.09038905
0.06860938
0.07756912
0.05528933
0.06965454
0.09059887
0.09874773
0.07783537
0.11123624
0.05888271
0.05614171
0.05730953
0.07564936
0.07882611
0.08415665
0.05210827
0.07816338
0.10028563
0.07840330
0.05724095
0.06144887
0.11093550
0.06539581
0.05187979
0.06488014
0.07601356
0.04803703
0.08254109
0.08610475
0.07488158
0.09332724
0.08787897
0.04586102
0.08907153
0.09245716
0.09174586
0.10896859
0.04817466
0.04644842
0.11698510
0.09073168
0.06160403
0.08317744
0.06567673
0.10003926
0.11673606
0.10683055
0.11626343
0.09783611
0.05035568
0.04987308
0.07358090
0.04051328
0.04624711
0.07601713
0.07439055
0.09426314
0.08913123
0.10006790
0.05961107
0.04381740
0.10148331
0.05382427
0.06756902
0.04154005
0.07283360
0.08559974
0.06151237
0.11709313
0.06016924
0.04493589
0.09672582
0.09016519
0.05320948
0.08689760
0.10656390
0.04177944
0.07116661
0.07416432
0.04066632
0.08195474
0.06440025
0.05511559
0.04491747
0.11999230
0.09968724
0.11544890
0.06074677
0.08314027
0.11181722
0.11048242
0.10439908
0.04685777
0.11146932
0.09182251
0.04450997
0.05311720
0.08968560
0.09466842
0.07738026
0.04688439
0.06493601
0.11938512
0.09353282
0.07526387
0.09392020
0.05620254
0.10263838
0.05986266
0.04571287
0.07696587
0.06075675
0.05727715
0.10946435
0.07100670
0.09749094
0.05584890
0.07237785
0.10515782
0.06167784
0.04381094
0.07938201
0.09701183
0.05524834
0.05801570
0.10427185
0.08057552
0.09537965
0.11681389
0.06564811
0.11679005
0.09431860
0.04143103
0.07201940
0.05313926
0.05916563
0.06218451
0.10162259
0.06895483
0.04610076
0.05397751
0.09677153
0.08813151
0.04544653
0.08750357
0.09721043
0.09469574
0.07940308
0.04588915
0.07432643
0.08333753
0.08041899
0.05714658
0.08575703
0.05993117
0.10893711
0.11807237
0.08747940
0.04405304
0.05032046
0.04234356
0.09835222
0.11081520
0.11665478
0.11187214
0.11452534
0.06966215
0.06626320
0.04379078
0.09865399
0.11228546
0.07933075
0.06998307
0.10023618
0.04466474
0.06807185
0.05158189
0.11530148
0.08942790
0.04041849
0.07963635
0.07133367
0.06182037
0.04655124
0.09455946
0.04845216
0.04126928
0.07735359
0.10326795
0.08245036
0.10886833
0.05941670
0.06801842
0.10560998
0.05178949
0.09371325
0.11863286
0.06614691
0.05316511
0.07147864
0.07032443
0.08733903
0.09751514
0.05536982
0.04350387
0.09998807
0.09211715
0.08448117
0.10460036
0.05673595
0.05272209
0.05203628
0.08162950
0.09187932
0.05523220
0.10633227
0.10518104
0.04314912
0.04929729
0.08217745
0.07830651
0.05041420
0.07302030
0.07570651
0.08151386
0.06841276
0.11173661
0.10932097
0.04069430
0.04934506
0.08142463
0.11392297
0.10917163
0.07317890
0.08534545
0.04409442
0.07724700
0.05349049
0.08001368
0.06285371
0.10175729
0.05581422
0.05650614
0.05116156
0.07675920
0.09303817
0.10726442
0.07005104
0.07935247
0.11015643
0.09180726
0.11817964
0.04399433
0.06777810
0.11492184
0.06067997
0.06522788
0.11194497
0.04778565
0.10252337
0.05840613
0.11030225
0.08337682
0.04092736
0.05125593
0.06386216
0.08608993
0.06163368
0.09777395
0.06443386
0.04914293
0.08834828
0.07622551
0.07840978
0.08301080
0.07822036
0.08319193
0.06396725
0.05032644
0.06306844
0.06140207
0.09813861
0.04702800
0.08612994
0.04428125
0.06079250
0.10839993
0.08117009
0.08047635
0.06305925
0.04772785
0.05823926
0.09387074
0.06420630
0.05678958
0.08428180
0.06968986
0.08132405
0.06829060
0.04947943
0.11384120
0.08719513
0.07211805
0.09697655
0.07924338
0.04798407
0.07746868
0.09802560
0.06235688
0.06416413
0.04793187
0.06160801
0.11362098
0.04715390
0.04024212
0.06375740
0.11156355
0.06296946
0.05609102
0.06215115
0.07042086
0.09091177
0.10746537
0.10687490
0.05225874
0.10730049
0.06404030
0.06897493
0.07653578
0.07534968
0.06033627
0.06982747
0.04878591
0.09189644
0.11032679
0.05631973
0.06915342
0.04268335
0.10843119
0.04510486
0.10241212
0.07775187
0.05064008
0.11456947
0.06017475
0.05367762
0.08565885
0.07860508
0.06746306
0.05351556
0.08477936
0.04174516
0.06155911
0.05872106
0.06723762
0.06763532
0.06511115
0.05481664
0.06232083
0.08813015
0.10216974
0.11329672
0.05311196
0.10600825
0.05011034
0.04071012
0.10390404
0.05328868
0.04976040
0.09204589
0.09357211
0.06240835
0.08479515
0.08295375
0.07795744
0.08096723
0.04904767
0.05869199
0.10208647
0.07199440
0.08826924
0.08484463
0.05220794
0.07940566
0.11635717
0.08931446
0.04647395
0.06780639
0.11265025
0.07172201
0.06524639
0.05938844
0.07792044
0.05141033
0.09059591
0.11265684
0.08144167
0.05155122
0.10456834
0.06571885
0.09985128
0.06555072
0.07619642
0.08167081
0.06262072
0.11670897
0.08290369
0.05291074
0.08516847
0.07915548
0.07079530
0.07101297
0.06121204
0.07875035
0.07827207
0.08283183
0.11527081
0.08589289
0.10915253
0.06827353
0.10859161
0.06525692
0.08430636
0.08088045
0.10066952
0.11249311
0.11909226
0.06849836
0.09575356
0.10605852
0.04667651
0.06674031
0.06228842
0.05318978
0.09713003
0.05174824
0.05442849
0.04944784
0.07191725
0.06761177
0.04926337
0.08674198
0.06649071
0.04449092
0.11001401
0.08057861
0.08966516
0.11306786
0.05321455
0.08928463
0.05254085
0.09533536
0.06320339
0.08183082
0.07711590
0.11039017
0.07154116
0.04109842
0.07765382
0.04538222
0.04050542
0.10098800
0.07018081
0.09045286
0.09235776
0.05449495
0.06766543
0.08224500
0.07378753
0.05986299
0.07891269
0.10257699
0.04042848
0.08570828
0.07520491
0.04267214
0.05935394
0.10416700
0.06277842
0.06735919
0.04795631
0.07846732
0.06337593
0.04158010
0.11874739
0.05500891
0.11643085
0.06341526
0.06316045
0.07708499
0.06439482
0.11775038
0.08598776
0.11625812
0.11580078
0.08760206
0.04328017
0.04611001
0.09723570
0.05997777
0.05084221
0.11967484
0.05792544
0.06600568
0.08786186
0.04933134
0.06029885
0.06759160
0.09929078
0.08436286
0.04154074
0.10082587
0.04716596
0.04931072
0.06337219
0.06621352
0.04852602
0.08645449
0.08991679
0.11183123
0.04969497
0.11660321
0.06736186
0.09371950
0.07233772
0.04032068
0.04556262
0.10388054
0.05315454
0.11639058
0.10097750
0.10501325
0.05282040
0.06301740
0.04903695
0.11907023
0.05866566
0.06153387
0.06838518
0.08609184
0.08047397
0.09125283
0.07177573
0.09085604
0.10086967
0.07329951
0.05350388
0.08470061
0.04535168
0.08903927
0.04314379
0.07462145
0.04517873
0.09237097
0.07683712
0.10705011
0.05293819
0.05203585
0.06657402
0.06850277
0.05074591
0.05516605
0.04013026
0.04727580
0.07870832
0.04892212
0.11894617
0.11957177
0.06796721
0.08840369
0.04035508
0.07999826
0.04147856
0.05624184
0.06367351
0.05859814
0.06323246
0.04445252
0.06559183
0.11340017
0.05449346
0.04461528
0.07126514
0.04565358
0.04121296
0.10412106
0.07023851
0.07187619
0.08228174
0.11612922
0.06353968
0.11170486
0.05950584
0.11306473
0.06701397
0.07387120
0.04968748
0.11051681
0.07291458
0.07471297
0.04064005
0.09911788
0.07947494
0.07509380
0.11289418
0.06105195
0.07707330
0.04973912
0.06665354
0.10624790
0.11000305
0.07390114
0.06304345
0.04348721
0.05353324
0.04096732
0.04375705
0.08970932
0.07103604
0.09505183
0.05381987
0.05426346
0.04769856
0.11631004
0.06749550
0.10557828
0.08855991
0.04102309
0.04732218
0.05235676
0.05224020
0.11936868
0.08553393
0.05408445
0.04947445
0.05469417
0.05175048
0.09665751
0.07488802
0.11009544
0.06410493
0.11049732
0.05122999
0.09060527
0.04380922
0.06106271
0.08914129
0.09907733
0.10457400
0.11734846
0.08597854
0.06553992
0.08199333
0.05974061
0.11763090
0.08594278
0.10074028
0.08610483
0.07953383
0.04959856
0.04210955
0.08050130
0.04114426
0.06624166
0.07047651
0.08621653
0.11866059
0.06841063
0.05059709
0.06471367
0.04458818
0.05235096
0.08291876
0.04679916
0.04287611
0.08448184
0.10810755
0.09940183
0.05655418
0.08790237
0.11932181
0.07822229
0.06977937
0.04313061
0.06088380
0.06866935
0.09110342
0.08383876
0.08911817
0.07215665
0.04642270
0.04617098
0.05821270
0.04357928
0.09402820
0.06790709
0.10305942
0.04711214
0.05809821
0.06403474
0.08911066
0.07637822
0.06485063
0.04641218
0.08660491
0.09040220
0.05765535
0.10329824
0.11222759
0.06794459
0.10256252
0.09412388
0.10414248
0.07928296
0.04247289
0.06853109
0.10968669
0.08900546
0.06076051
0.06039428
0.05060929
0.07221153
0.09282364
0.04003056
0.11438659
0.06770162
0.04619003
0.09134392
0.11853421
0.11866883
0.08529986
0.07256383
0.07027865
0.06701275
0.04281929
0.09110216
0.04312073
0.04158900
0.08088386
0.07988480
0.05655783
0.08884047
0.10830604
0.11026092
0.10526281
0.04913388
0.06074077
0.06773925
0.06395363
0.06370503
0.06610729
0.08057292
0.08178222
0.10071057
0.07461189
0.04656541
0.08756579
0.10834047
0.10487882
0.06182955
0.06429958
0.05290783
0.08228783
0.10218755
0.04665762
0.09368343
0.06429795
0.06937164
0.11368692
0.09550124
0.07479948
0.05507689
0.06867459
0.10723115
0.04734848
0.05922752
0.11683813
0.04021162
0.06222598
0.08724768
0.05826264
0.08404803
0.04929814
0.05220477
0.05226466
0.05335890
0.06090919
0.04853488
0.06074439
0.06596534
0.08568935
0.06037900
0.05178849
0.11132688
0.10856457
0.09610851
0.10049486
0.04930148
0.10367942
0.08745743
0.10943237
0.09704620
0.10011937
0.06717624
0.08152316
0.04039460
0.06159529
0.04733433
0.08602452
0.09443368
0.05641970
0.05781610
0.08651273
0.08050063
0.06078761
0.10677751
0.07089430
0.04976205
0.05187645
0.05904106
0.08204455
0.06819779
0.07043366
0.05809197
0.04578681
0.05278558
0.05472021
0.04109294
0.04974146
0.05193878
0.11099576
0.09288996
0.09144571
0.09305439
0.09402429
0.08501677
0.04524625
0.06146739
0.07464560
0.09793529
0.09193803
0.06337448
0.07925147
0.06987829
0.09168075
0.04256891
0.05390167
0.07677271
0.06760042
0.09485244
0.10636723
0.06402361
0.04078579
0.04726355
0.07124171
0.09785137
0.09922004
0.08760740
0.05784521
0.09234621
0.06714986
0.08603385
0.06961154
0.09797531
0.05798765
0.08423732
0.05368756
0.04429496
0.09190502
0.04569720
0.07491993
0.08761441
0.05273638
0.05539265
0.06056958
0.09459966
0.06506207
0.08223544
0.11298955
0.11214733
0.04941646
0.09855460
0.05653763
0.04720948
0.04179795
0.07756957
0.07570037
0.05465146
0.05931591
0.06064096
0.11432780
0.10472032
0.06597465
0.04905510
0.04735670
0.05493297
0.07068217
0.06274494
0.04173001
0.04626100
0.08254229
0.07143843
0.05938405
0.04537567
0.04106670
0.07427237
0.09437406
0.05249011
0.07051537
0.05966771
0.07791500
0.11436260
0.06777335
0.05052492
0.07619247
0.05694556
0.08897523
0.04578863
0.04965472
0.06515216
0.07678499
0.07807369
0.05816803
0.11299020
0.09823365
0.09231631
0.09582996
0.06811927
0.09592348
0.08619429
0.04407431
0.04433387
0.11430531
0.07218180
0.07098082
0.05676965
0.04625777
0.06668233
0.11148693
0.06648066
0.11630115
0.06357381
0.07997513
0.10306714
0.05877516
0.05377641
0.05744152
0.04411415
0.09219638
0.11626318
0.10218057
0.08443352
0.10565764
0.09597132
0.07685065
0.08382591
0.11234509
0.07743693
0.05753671
0.04520875
0.08348010
0.08750470
0.04190163
0.04792236
0.07345177
0.08685674
0.08014961
0.07427477
0.11807885
0.07940324
0.09494374
0.06669082
0.07264486
0.09600553
0.07573319
0.06365676
0.08506855
0.08671328
0.09699758
0.07355842
0.06739138
0.06612276
0.11703349
0.04762480
0.06975151
0.06887639
0.04394063
0.04844375
0.11359587
0.06740611
0.08392747
0.06562284
0.05744018
0.07208945
0.11401327
0.08772218
0.07239567
0.06331861
0.04427255
0.08117659
0.05458770
0.07532702
0.09731439
0.04104471
0.08379163
0.05569667
0.11827720
0.09263139
0.05037113
0.05246374
0.07079096
0.05061376
0.05204484
0.08997386
0.05985397
0.08766053
0.09518240
0.11843304
0.05875234
0.04406682
0.07862948
0.05743204
0.08624632
0.04618510
0.09776345
0.06904351
0.07885161
0.05017958
0.07890678
0.08774321
0.11659224
0.10172010
0.11609147
0.07488071
0.10477291
0.07797516
0.04045778
0.05786909
0.10871698
0.10588269
0.06008122
0.07082681
0.04800980
0.06698826
0.11190955
0.09923896
0.07938093
0.05231725
0.05841306
0.08562754
0.05116975
0.09052711
0.05207386
0.08218298
0.09851190
0.11133627
0.08959451
0.06702493
0.06293563
0.10599475
0.05441523
0.07703251
0.10562479
0.09855886
0.07234412
0.08332670
0.08443604
0.07239259
0.04633598
0.10559296
0.09051266
0.07737341
0.07042590
0.07666581
0.08396391
0.06008311
0.09019366
0.09572539
0.08292963
0.05633269
0.10127113
0.07278902
0.11200957
0.07946603
0.07917005
0.05366319
0.04368179
0.05947613
0.08420243
0.06671486
0.04526923
0.09081074
0.07967208
0.05634008
0.07329478
0.06237701
0.04683969
0.09731228
0.05486211
0.05010916
0.06735838
0.09711260
0.04674490
0.08910530
0.11666140
0.10098982
0.07215700
0.10454195
0.07266316
0.06771208
0.07876630
0.04245008
0.07670584
0.05846518
0.08764835
0.07490275
0.07535452
0.10020680
0.08868768
0.08251899
0.09451069
0.10178328
0.05561404
0.11633474
0.09332125
0.04400246
0.04028356
0.11164339
0.10991532
0.09491938
0.11193758
0.08116185
0.05851793
0.06745364
0.07519536
0.09951156
0.10654520
0.07082299
0.10167786
0.07507460
0.10573551
0.09852880
0.06276749
0.07909139
0.08791645
0.06588846
0.07935204
0.04514543
0.07379264
0.05445369
0.05551874
0.09719139
0.09640865
0.10868474
0.09415148
0.11709073
0.10290899
0.05217178
0.06666326
0.07067222
0.04130303
0.06609523
0.07259717
0.10682111
0.07056787
0.04482349
0.10363958
0.05173287
0.07189020
0.04964073
0.08672639
0.04213189
0.11245248
0.04436544
0.06871599
0.05779577
0.08880729
0.04316942
0.06917193
0.06980709
0.06287168
0.04399636
0.07052009
0.10159896
0.10727523
0.04714347
0.05317907
0.06254584
0.04056455
0.05768505
0.08171133
0.06788546
0.09587989
0.07014401
0.06322801
0.08823837
0.04106027
0.11696736
0.05036493
0.07654823
0.06017657
0.09707963
0.05766422
0.11870931
0.09313693
0.07837787
0.05960859
0.05151876
0.04425037
0.08815119
0.11695054
0.05390068
0.09659482
0.08357014
0.05717235
0.08847429
0.04784367
0.08512099
0.04851045
0.07669169
0.06334029
0.06826288
0.06076776
0.10924582
0.11241038
0.05729429
0.09240621
0.09354215
0.04680801
0.05966872
0.07405466
0.05963857
0.09741675
0.06583595
0.05836406
0.07603165
0.07625306
0.08873152
0.09467662
0.10101254
0.08384914
0.08084175
0.07549800
0.06906681
0.11493330
0.04779661
0.07184913
0.05266041
0.05261823
0.09540201
0.10412277
0.07889357
0.04236043
0.06814840
0.07232226
0.05770531
0.08487078
0.08811737
0.04422148
0.05199281
0.11096884
0.04210185
0.07874516
0.04193147
0.08027295
0.05642806
0.09450700
0.08327827
0.06134781
0.07489294
0.05326030
0.04429656
0.07241548
0.07744254
0.07704781
0.04425252
0.09087382
0.04744867
0.08509619
0.08652227
0.06588779
0.05837299
0.06340590
0.04603054
0.05100547
0.11836151
0.07574027
0.07546436
0.04626662
0.05802499
0.08262896
0.09894697
0.05823026
0.10319498
0.09795318
0.06943691
0.08259751
0.05569574
0.06162995
0.10386348
0.04887402
0.06478891
0.04354247
0.10356370
0.11434463
0.06760824
0.04223977
0.11297105
0.04310869
0.09640815
0.06602197
0.05595133
0.11828205
0.09483255
0.04884424
0.05234107
0.10106788
0.04662199
0.06681555
0.10733001
0.07067102
0.10215259
0.08999261
0.09665491
0.04567425
0.04306730
0.06735580
0.11169633
0.07593560
0.05645585
0.05866249
0.04666319
0.04297745
0.05094823
0.07789401
0.08023363
0.05758968
0.10285136
0.06080132
0.08119609
0.04855889
0.07097710
0.07161899
0.09038364
0.08072332
0.06345780
0.09294668
0.11196168
0.08336209
0.04103140
0.06913150
0.05590265
0.07756053
0.06131275
0.08664727
0.10002504
0.06889337
0.11106288
0.06969451
0.06077932
0.06442902
0.11089787
0.06839191
0.06308593
0.07593086
0.11000397
0.11703558
0.05924380
0.07504624
0.06061104
0.11733199
0.06848474
0.05393906
0.10602855
0.09222580
0.08547778
0.04811320
0.08377208
0.08788908
0.05213413
0.08219316
0.05300198
0.10041372
0.11988438
0.10076505
0.08207852
0.06741484
0.10257680
0.05959208
0.04270115
0.06632359
0.05783339
0.11965026
0.11642815
0.05685366
0.04833585
0.04599601
0.05284304
0.05134835
0.05088075
0.08181198
0.06556340
0.07691955
0.04153902
0.08394158
0.07989671
0.04786211
0.07754485
0.08049675
0.09915366
0.06060396
0.08073475
0.08079187
0.10258321
0.04032015
0.07523764
0.06766836
0.04365558
0.09287936
0.08195759
0.05807481
0.05487177
0.04546168
0.10643274
0.09949460
0.09474812
0.04931103
0.07670003
0.06249153
0.11156041
0.08578114
0.05490899
0.08337732
0.10773069
0.06755353
0.10321306
0.10769565
0.06579484
0.05300544
0.05352088
0.07579517
0.07302671
0.09157320
0.07727777
0.05378597
0.05393597
0.06967310
0.06427812
0.10420382
0.08379335
0.09500548
0.11789909
0.05883441
0.06545900
0.04987365
0.08201534
0.05236045
0.09820557
0.07517539
0.11488445
0.04548895
0.04722665
0.11264100
0.08574168
0.07069061
0.06080102
0.05267829
0.05996694
0.08785230
0.11733071
0.08754211
0.07631428
0.08379723
