0.04626351
0.07079132
0.05437955
0.04527283
0.06545364
0.07795846
0.08328391
0.05460386
0.04241869
0.05276008
0.05265494
0.05537164
0.08286434
0.07106866
0.06775555
0.05499526
0.05677522
0.07007531
0.04404671
0.06138560
0.04679043
0.07425504
0.04397640
0.04545028
0.05815263
0.04901266
0.05275668
0.04294123
0.04912263
0.05208462
0.07607669
0.05551909
0.04255150
0.08135760
0.04212264
0.04308758
0.04445545
0.04695540
0.07872871
0.05413313
0.04331699
0.04955511
0.04158880
0.06530878
0.04275284
0.04246435
0.04301752
0.04968030
0.06028627
0.04312733
0.06936375
0.05675550
0.05523151
0.04776095
0.04437571
0.05056704
0.05426915
0.04356253
0.05727690
0.04327653
0.04535990
0.08913260
0.04493213
0.04268949
0.04741607
0.06007307
0.04676714
0.06113744
0.04891396
0.04670351
0.06445425
0.05294718
0.04416129
0.04204915
0.06822113
0.04639900
0.04528675
0.05306428
0.04010983
0.04026133
0.04423793
0.04037897
0.04453766
0.07537782
0.04478570
0.04467049
0.05486584
0.05424001
0.04497651
0.04255718
0.05454489
0.05231995
0.04138683
0.04111177
0.04049618
0.05495136
0.06659797
0.05325968
0.06152881
0.04592981
0.05831955
0.04114015
0.04572980
0.04602704
0.05099732
0.04870941
0.04405380
0.04687882
0.05677183
0.04508191
0.06020427
0.04040982
0.04702258
0.04093915
0.07488938
0.04561784
0.05647166
0.04244176
0.04858306
0.09968555
0.04416939
0.05092057
0.04779722
0.06283044
0.05708274
0.04257118
0.07435911
0.04581497
0.05695402
0.05037138
0.08687498
0.06493987
0.04282145
0.04965966
0.05228503
0.05824704
0.04574786
0.04273103
0.04709288
0.06698775
0.05310795
0.05511490
0.06555567
0.05721649
0.04069095
0.04392068
0.04452101
0.04614102
0.04462990
0.04584830
0.07103761
0.05839058
0.05973381
0.04948462
0.07281891
0.05901438
0.06512610
0.04760000
0.05040229
0.06902378
0.04844333
0.07089300
0.05200720
0.04187955
0.05616781
0.04699427
0.04622379
0.04673585
0.04577460
0.04850731
0.04029080
0.05557938
0.04082586
0.05602144
0.07221532
0.05205134
0.05520455
0.04345345
0.05268568
0.07933824
0.05033190
0.06605104
0.04920830
0.06016650
0.06740708
0.04094560
0.07343061
0.05519770
0.04879368
0.05902553
0.04313905
0.04820825
0.04302546
0.05914835
0.04359937
0.05349168
0.04283624
0.09007813
0.07322325
0.04272276
0.04853216
0.04353521
0.04041867
0.05132912
0.04498908
0.04355380
0.05296434
0.06366839
0.06021576
0.07273700
0.05486075
0.04189766
0.05772303
0.04128616
0.05973048
0.04004247
0.09537175
0.07129452
0.06608395
0.04870536
0.04935554
0.09265023
0.06898139
0.08732588
0.04222888
0.07574346
0.04511430
0.06693892
0.06947930
0.05395139
0.05612775
0.04804048
0.05921457
0.04358861
0.04170494
0.05011269
0.04302394
0.05945521
0.06279677
0.04663810
0.05057238
0.04399851
0.05227827
0.05420958
0.04018600
0.06940075
0.04122555
0.06998451
0.04161987
0.04256969
0.04037445
0.08089583
0.04894584
0.04389813
0.04471740
0.04055685
0.04990900
0.06096811
0.08552981
0.06636872
0.04218564
0.06619847
0.05388953
0.05867136
0.05071349
0.04833083
0.05874726
0.05974688
0.08650599
0.04240238
0.04856454
0.08047698
0.04877849
0.04349074
0.04265636
0.08102041
0.04905564
0.07300852
0.04359776
0.04556775
0.04093704
0.04047320
0.04509120
0.05652293
0.05102860
0.04948281
0.08729253
0.04528413
0.04412289
0.06618124
0.04284953
0.06698340
0.08316647
0.04084460
0.05683326
0.06090217
0.05280639
0.04151843
0.08416126
0.04191794
0.06523439
0.05221840
0.04819926
0.04578693
0.08307679
0.04000921
0.04761510
0.05927593
0.04472130
0.05464191
0.05899905
0.07028698
0.06094789
0.06907083
0.04508432
0.04258912
0.05096382
0.07829702
0.04726591
0.04617932
0.05133784
0.04582968
0.04191026
0.05875786
0.05934393
0.04644274
0.06238096
0.06288981
0.05859449
0.04418029
0.06387034
0.05685273
0.04760311
0.05136993
0.04285404
0.04728653
0.04193806
0.04170719
0.04180027
0.07554893
0.07119067
0.05498839
0.05564946
0.04315984
0.05079917
0.05337124
0.07827476
0.04662966
0.07976582
0.05732108
0.04727376
0.05393792
0.06860358
0.09714668
0.05661492
0.06632452
0.06252270
0.04279837
0.07364296
0.04829762
0.05681337
0.04981867
0.05709928
0.07111428
0.04491440
0.04670780
0.04088284
0.06245367
0.06407982
0.04973648
0.06902219
0.04074929
0.05449135
0.05951244
0.08194387
0.04383070
0.07138905
0.04205587
0.08266747
0.07836992
0.04070746
0.04821678
0.09133191
0.04367260
0.06616964
0.05271324
0.04229089
0.07126525
0.04647229
0.07252002
0.07261521
0.07479218
0.04069682
0.04070891
0.07251039
0.05095363
0.06285173
0.05436084
0.04080043
0.04179415
0.04944022
0.05078357
0.04082239
0.04322550
0.05105811
0.04790948
0.04769728
0.04193596
0.08155152
0.04494516
0.05074884
0.04355135
0.04917786
0.04558798
0.06600619
0.06792638
0.04092828
0.05734871
0.04359524
0.06644214
0.05394515
0.05377605
0.04666126
0.05087566
0.04097365
0.04941039
0.05408836
0.04792012
0.05487404
0.04635633
0.04259123
0.08563358
0.05732975
0.05841159
0.04189097
0.06006984
0.04667998
0.08244301
0.04744727
0.04526797
0.06295843
0.07860430
0.05043117
0.04091074
0.06286292
0.04292259
0.08985533
0.04023617
0.09156017
0.05314884
0.06249351
0.04257745
0.05047581
0.04241061
0.05079449
0.04884410
0.04142022
0.04500471
0.05623434
0.04103469
0.05002040
0.05317550
0.05424700
0.05207993
0.04288617
0.05313037
0.07083637
0.05291921
0.04735297
0.04326780
0.07394430
0.04394130
0.04752003
0.05987033
0.05426825
0.04341462
0.07909025
0.05125770
0.05524006
0.06164124
0.04384088
0.05666894
0.04243367
0.04873476
0.04840457
0.05358316
0.04937491
0.08227007
0.04067233
0.05736188
0.05116562
0.04307425
0.04898948
0.05998037
0.04674664
0.04102381
0.09308391
0.05637903
0.07223461
0.09255915
0.04075088
0.06102166
0.04462609
0.06568337
0.04883559
0.04130605
0.05306181
0.04363142
0.05483594
0.05155313
0.06111069
0.06420510
0.04511499
0.04485886
0.04576268
0.04834917
0.07627733
0.05047120
0.05313040
0.05960900
0.04359476
0.04030110
0.06375500
0.04514741
0.04516279
0.04027279
0.06027678
0.04892655
0.06766018
0.05482578
0.06786942
0.04319840
0.05139184
0.04128414
0.04209137
0.04977634
0.04408667
0.06663642
0.04031716
0.05198207
0.08600989
0.06918903
0.06464373
0.04812226
0.06161083
0.04372156
0.04673098
0.05993565
0.04734997
0.04723475
0.04654213
0.05647349
0.05269874
0.05246934
0.06331027
0.04116976
0.05874276
0.04273993
0.05145799
0.04508374
0.04255159
0.05276590
0.04488703
0.04677244
0.08288618
0.08434149
0.05432962
0.04461538
0.05086085
0.05762666
0.05234961
0.04964846
0.05110007
0.04096737
0.04877159
0.05261812
0.04324164
0.04168285
0.04137611
0.07733669
0.05681263
0.06350036
0.08628223
0.06015821
0.04275663
0.06271801
0.04961925
0.05802402
0.05565200
0.09571695
0.04085147
0.04444209
0.05495176
0.05512739
0.06540769
0.06679612
0.06993855
0.07614094
0.05410557
0.06229664
0.05133728
0.07599292
0.07764100
0.04067404
0.06540036
0.04506761
0.06267858
0.05476509
0.09848293
0.05277174
0.06350438
0.04926803
0.05416824
0.06978452
0.05785918
0.04164748
0.04337376
0.06740085
0.05643612
0.05066904
0.04223572
0.05716412
0.04341974
0.05147702
0.06147107
0.04011383
0.04732544
0.04391963
0.05158291
0.09309420
0.06440809
0.04837196
0.04598304
0.04999380
0.05169152
0.04945820
0.07223072
0.05551447
0.05198040
0.04519946
0.05162180
0.07291107
0.05556510
0.05122039
0.05108249
0.06406306
0.05356768
0.05151068
0.05292259
0.04162012
0.05649364
0.06012021
0.04955872
0.06548777
0.05395154
0.05850341
0.05366633
0.05507604
0.04718599
0.06412363
0.05095491
0.04511491
0.04392067
0.04763570
0.06703733
0.04056146
0.05250205
0.04139036
0.04101038
0.05783001
0.07204184
0.05837392
0.06432076
0.05627029
0.04161824
0.06166194
0.04269495
0.04411577
0.04700824
0.07488830
0.08754378
0.04040784
0.05189417
0.04092906
0.06200610
0.09287221
0.04056700
0.05849094
0.09949713
0.05744797
0.04694336
0.05670069
0.04084516
0.04936580
0.04764767
0.04730744
0.06027617
0.04577632
0.05874897
0.05043187
0.04280661
0.04416686
0.04488214
0.04367997
0.04195137
0.06311378
0.04092564
0.07450257
0.06114080
0.04364582
0.06467767
0.05572917
0.04443682
0.07145685
0.04439754
0.04516629
0.06590092
0.04723154
0.06096816
0.05886037
0.05695999
0.05434019
0.04206363
0.05712843
0.06610351
0.04100769
0.04412637
0.05225643
0.04387774
0.05554523
0.05680361
0.06251059
0.04740793
0.04187759
0.08258267
0.06897978
0.04166134
0.05345592
0.05773628
0.06049121
0.04000582
0.07087592
0.06423407
0.05249624
0.04924738
0.04677922
0.05806807
0.04303987
0.04257922
0.05595941
0.05008563
0.05114083
0.05961938
0.08876553
0.05898135
0.07424831
0.06304170
0.04473711
0.08243335
0.04375649
0.04184664
0.05665825
0.04805935
0.06446536
0.04216737
0.04091871
0.06411575
0.04980437
0.04759576
0.05570440
0.04460553
0.05693695
0.05920568
0.06910852
0.05691181
0.04661757
0.05297562
0.04051153
0.05857849
0.07141419
0.04635543
0.05787283
0.04745980
0.07595765
0.04700557
0.05561505
0.04620057
0.06019968
0.08702660
0.05499941
0.05902381
0.06608201
0.09961613
0.05300311
0.06899382
0.04395954
0.05718916
0.09325277
0.04914799
0.07464738
0.05230120
0.04157150
0.04940325
0.04800660
0.04626952
0.09345130
0.04886292
0.04827534
0.05460232
0.04600210
0.05051459
0.04557041
0.04530448
0.06158283
0.04321605
0.09352543
0.08666623
0.05961763
0.04911509
0.04705102
0.05023623
0.08447979
0.04823898
0.07223301
0.05426849
0.04705778
0.04868929
0.04825326
0.05904441
0.04744603
0.04309552
0.06395634
0.04348125
0.07335244
0.06189285
0.06786631
0.04056807
0.07533374
0.04766237
0.04155572
0.09876458
0.08848768
0.04344245
0.06019642
0.04590272
0.05611099
0.05507021
0.04756114
0.08966534
0.05317269
0.05668334
0.04205421
0.07414870
0.05955109
0.04192675
0.04380226
0.06622422
0.06050558
0.08131012
0.04037258
0.05584682
0.05752247
0.07057424
0.04452113
0.05284128
0.04611270
0.06804197
0.05291001
0.04074885
0.04445733
0.05413199
0.04594503
0.04349046
0.06209181
0.06313740
0.05026043
0.05164816
0.05776328
0.04070738
0.04490542
0.04443844
0.09105096
0.06383247
0.05210063
0.06333374
0.07174191
0.06324979
0.04627138
0.05019360
0.04294911
0.04583392
0.04462258
0.07188178
0.04762436
0.04194390
0.04629076
0.04283443
0.06267043
0.04206160
0.05359376
0.06203120
0.04614357
0.04417617
0.04788196
0.06162003
0.04070425
0.04584265
0.08090060
0.04153966
0.06473604
0.07418858
0.06281247
0.04556780
0.04653927
0.05038584
0.04187797
0.05320734
0.05725173
0.04625163
0.05028460
0.04393961
0.04833203
0.07006022
0.05662109
0.06119847
0.05364068
0.04534147
0.06306348
0.04109574
0.06021782
0.07218672
0.07842523
0.05504628
0.04085735
0.04242492
0.05908440
0.04362587
0.04532572
0.05734388
0.05581315
0.08230582
0.04226555
0.04659758
0.05061889
0.04751610
0.08782073
0.05275585
0.06254583
0.08902245
0.04429705
0.04621485
0.04308920
0.04110094
0.04346356
0.04125714
0.04343483
0.05828964
0.05436625
0.05747073
0.06316051
0.05390156
0.05700840
0.05874963
0.04612619
0.07872389
0.04351769
0.05537896
0.04711129
0.06069703
0.07018339
0.04239151
0.04224150
0.04581094
0.04717658
0.07177188
0.04312737
0.04975509
0.06089731
0.04280431
0.04933643
0.08321995
0.04006937
0.04258118
0.05808297
0.06210479
0.06595041
0.04425045
0.04062305
0.04816223
0.05052855
0.04860290
0.04567098
0.04324343
0.05594356
0.08185678
0.04407286
0.04638659
0.06225988
0.05763588
0.05970769
0.05469058
0.04689248
0.05086519
0.04041165
0.06231921
0.05390969
0.04154798
0.04847292
0.09169255
0.04186184
0.04686369
0.05234510
0.06234368
0.05057472
0.04704653
0.06045765
0.04420267
0.04211721
0.05163928
0.04354666
0.04467711
0.04389383
0.04647126
0.04644365
0.05250490
0.07635165
0.09187292
0.04135732
0.04353329
0.05642555
0.04005727
0.05423537
0.05032377
0.07518104
0.04494177
0.05045865
0.06412094
0.04342053
0.06765860
0.05646011
0.05213711
0.04061753
0.04271402
0.04990052
0.04178129
0.04152393
0.04071035
0.05000212
0.04426104
0.05333866
0.05082856
0.05207077
0.04371671
0.04699149
0.08220211
0.04331321
0.04876871
0.04753462
0.04102039
0.06658227
0.05036601
0.04041368
0.05682728
0.08259948
0.05235981
0.04038917
0.04522883
0.07373026
0.04611291
0.06813233
0.04123901
0.05019845
0.04267831
0.04882999
0.06475163
0.09217138
0.08731941
0.05673124
0.06816437
0.04147795
0.06801637
0.04020491
0.04190745
0.05050737
0.04731870
0.06011135
0.05000302
0.05297398
0.05004260
0.04689126
0.05353233
0.05106654
0.04306323
0.06118107
0.06310962
0.04433714
0.04132396
0.09855579
0.05331969
0.04293680
0.05350857
0.09106703
0.04258605
0.04609551
0.04104880
0.06906695
0.04509023
0.04508830
0.04157167
0.06083464
0.05016336
0.04226366
0.08551816
0.04236190
0.05620814
0.04076379
0.06375777
0.04720690
0.07656448
0.05961753
0.06609200
0.04146028
0.04432761
0.04742315
0.07439157
0.04315272
0.04986134
0.04056221
0.04738173
0.04085878
0.05671580
0.04782622
0.06912380
0.04145547
0.04698537
0.04466536
0.04364593
0.07046123
0.07096815
0.06762229
0.07135879
0.07432391
0.09663328
0.04358783
0.05897745
0.04747843
0.04996359
0.05046586
0.05139803
0.04306967
0.04594662
0.04835002
0.05421451
0.06435872
0.05060825
0.06345031
0.05205795
0.06240232
0.04327371
0.04869388
0.05539251
0.07083121
0.06886439
0.06395261
0.04867230
0.04276178
0.04997467
0.04050143
0.04097790
0.05141517
0.07354285
0.04392500
0.05065993
0.07184294
0.05846478
0.04317108
0.05347736
0.04328565
0.05340402
0.07034118
0.04249304
0.04176926
0.05116506
0.04097502
0.04901202
0.04041406
0.06212240
0.05354084
0.08044270
0.04029188
0.04421403
0.04121052
0.07283446
0.08700208
0.06462760
0.04856323
0.04796741
0.04977702
0.04487065
0.04544614
0.04853027
0.04778157
0.04623812
0.04390123
0.04401523
0.04741249
0.07536861
0.08354680
0.04867199
0.05044435
0.04039773
0.04765778
0.04217025
0.05891327
0.04095284
0.04705700
0.05120632
0.06373337
0.05951525
0.05450303
0.04074394
0.04759382
0.04468886
0.04040300
0.04010530
0.06821516
0.05552625
0.05125298
0.04665752
0.07070287
0.05691350
0.05528219
0.04131703
0.06324041
0.04016201
0.05076647
0.06594565
0.04252606
0.05660848
0.05844182
0.05548257
0.04566838
0.06400092
0.05667009
0.06241622
0.08068123
0.05698493
0.04550154
0.04048957
0.04138034
0.04741003
0.07205125
0.06313235
0.05404161
0.04799658
0.05519864
0.07246926
0.06468114
0.05654524
0.04686369
0.05314702
0.05092878
0.04395410
0.06534558
0.06173226
0.04707906
0.05686791
0.05601258
0.04412296
0.04707826
0.05875541
0.06557258
0.04540685
0.06913265
0.04653256
0.06962916
0.05281772
0.07513084
0.06321595
0.04074625
0.05763558
0.05715714
0.04993721
0.05127844
0.04198807
0.06428812
0.06037531
0.08333761
0.05911677
0.07326018
0.04946512
0.06710079
0.04751021
0.05949795
0.05892369
0.05262649
0.04142662
0.04024347
0.06818487
0.08020748
0.04236779
0.04254863
0.05362589
0.04896370
0.04855031
0.09851310
0.05102542
0.04892639
0.04124389
0.06891541
0.09457705
0.04038297
0.04472351
0.06275802
0.04338993
0.05927374
0.04154373
0.04919667
0.04497964
0.09147895
0.06244190
0.04672192
0.04136166
0.05348226
0.04089572
0.04840475
0.05708007
0.06626245
0.05019938
0.04769352
0.06859449
0.07837462
0.04310283
0.04216369
0.04326158
0.05026815
0.04650514
0.05344344
0.05397317
0.06372644
0.04107078
0.04694724
0.05377494
0.04958181
0.04350924
0.09269019
0.04479824
0.04617474
0.04284540
0.06479285
0.06627943
0.04381603
0.04460138
0.06024490
0.05881206
0.04795601
0.06367095
0.04514590
0.08492442
0.07871734
0.06848402
0.04127355
0.04284764
0.06650638
0.05261664
0.04483624
0.05430859
0.06068941
0.05070110
0.05702355
0.04310836
0.05458968
0.07458199
0.06983035
0.08545281
0.05215079
0.06081103
0.05058817
0.04472576
0.04647191
0.04748003
0.04870106
0.04525076
0.05884105
0.05513078
0.04889744
0.05067769
0.04772662
0.07241273
0.07238955
0.04290047
0.04109563
0.07968961
0.04914526
0.04162523
0.04938437
0.04707180
0.05977993
0.04329448
0.04321487
0.09189529
0.05104610
0.05229321
0.04187904
0.04990931
0.06136381
0.04716117
0.04968763
0.05748397
0.05810074
0.04451652
0.06090392
0.04202757
0.04093907
0.05290319
0.04117685
0.05031428
0.05786605
0.05194513
0.04348086
0.04397001
0.04863528
0.04590519
0.07405538
0.09971488
0.04308959
0.04286905
0.09649677
0.06702438
0.06780391
0.04475350
0.05202025
0.04886563
0.05257267
0.05286119
0.05203005
0.05771900
0.04644198
0.04206875
0.04155813
0.04813648
0.04701584
0.05284114
0.06320020
0.05324145
0.05118338
0.05044595
0.04550439
0.05058683
0.05949311
0.04354426
0.08339172
0.07957619
0.04203664
0.04761007
0.04671934
0.04568203
0.06764404
0.04412001
0.05462347
0.05295109
0.05048086
0.07706199
0.04436691
0.05550056
0.04103095
0.05934982
0.05236825
0.06679428
0.06303195
0.04244784
0.04106302
0.05205310
0.05793532
0.04217216
0.04711540
0.05400982
0.04420800
0.07246279
0.06555086
0.04326417
0.06452567
0.04611288
0.06474517
0.06371453
0.04992049
0.08706714
0.04090828
0.06973009
0.05187734
0.04020034
0.06614631
0.04940022
0.05093463
0.05689233
0.05047948
0.04929178
0.04383146
0.06422226
0.04710788
0.08506551
0.06838550
0.08270536
0.04419818
0.04167344
0.07541682
0.05832945
0.05414218
0.04385569
0.05246458
0.04636037
0.05844693
0.06652651
0.07816008
0.05261291
0.04518763
0.04352604
0.04410985
0.04460557
0.04245001
0.05766595
0.05092242
0.04309257
0.04945372
0.09868481
0.04495362
0.09440872
0.04434949
0.04534492
0.04378760
0.04362675
0.06825290
0.04196727
0.04405187
0.04361390
0.07585376
0.04120484
0.04112529
0.05906831
0.04386616
0.05299061
0.04580306
0.05592339
0.04020325
0.09888789
0.05866541
0.04765523
0.04410223
0.06240219
0.05225270
0.05750037
0.05163113
0.04557546
0.04103409
0.04845879
0.04119109
0.05199761
0.04049784
0.05575070
0.07347869
0.06637248
0.04419226
0.04627112
0.04100043
0.04958266
0.04055647
0.04358695
0.04506306
0.04439487
0.04663219
0.04475976
0.05557520
0.04962906
0.05119468
0.04476527
0.04294844
0.06416617
0.04875488
0.06823466
0.04856577
0.06315892
0.06776112
0.04046048
0.04077113
0.04653903
0.05659616
0.06144300
0.04720281
0.07559684
0.04858548
0.04795218
0.06679270
0.05346067
0.05664627
0.05563163
0.04687945
0.04221893
0.04523125
0.04458212
0.04445793
0.04363951
0.04150852
0.04465540
0.04508900
0.04095225
0.08553332
0.05832236
0.04033513
0.07568329
0.04108983
0.04010670
0.05909913
0.06779227
0.04064814
0.04217310
0.04248392
0.06141310
0.04583623
0.04232355
0.08126530
0.05626836
0.05430842
0.09496995
0.06398043
0.07544273
0.05828041
0.06372889
0.08263502
0.07413354
0.05602745
0.04510100
0.05809617
0.07957429
0.05850954
0.05636617
0.05886767
0.05210553
0.04786050
0.04071447
0.07445316
0.06005933
0.05636389
0.05703141
0.06740841
0.07338258
0.05129469
0.07383183
0.04199657
0.06029723
0.04048247
0.04311698
0.06490591
0.08718316
0.09050419
0.05740004
0.05616538
0.04170694
0.06991865
0.04027803
0.05953876
0.04115459
0.04006429
0.07195419
0.04784799
0.05086895
0.04524259
0.05301409
0.04517037
0.05313354
0.04293024
0.04828994
0.05728511
0.05237936
0.04296238
0.04530650
0.05440489
0.04832196
0.06359479
0.06957490
0.04315050
0.04029797
0.07229096
0.05835280
0.05005473
0.08134977
0.04332377
0.06639968
0.04280685
0.07346414
0.04149002
0.08675521
0.04703306
0.05909721
0.04645463
0.07652454
0.06362084
0.04454447
0.05235951
0.06747028
0.04251732
0.06560203
0.05003540
0.04608671
0.05131781
0.05485529
0.05748593
0.06010456
0.04121731
0.05595495
0.07242452
0.06593687
0.04911798
0.05758680
0.04565878
0.06298700
0.04194032
0.04358290
0.04220838
0.04135481
0.07572493
0.08115208
0.04001802
0.04585070
0.08644070
0.06566140
0.04915828
0.06170113
0.04695472
0.04296720
0.04208422
0.04634019
0.04182713
0.06364462
0.04144688
0.04210098
0.04482007
0.04053705
0.07081053
0.04902657
0.04556459
0.07980031
0.06404464
0.04907122
0.04762505
0.04428196
0.05599780
0.06388573
0.07161838
0.04452021
0.04472683
0.05705320
0.06822638
0.04585259
0.05271499
0.04774122
0.04287055
0.04505568
0.07090998
0.05102228
0.06410673
0.09075394
0.04938584
0.06771811
0.05421428
0.05313391
0.04708278
0.04215466
0.05447927
0.05841635
0.04907253
0.06910605
0.05113669
0.06432814
0.04607082
0.05169462
0.07214123
0.04702190
0.06779459
0.05663061
0.04182206
0.04421626
0.04693683
0.07149855
0.06824266
0.04870414
0.05659607
0.04314067
0.07842222
0.05967982
0.04600078
0.04717745
0.05462454
0.04109133
0.07747973
0.04014359
0.05234524
0.05226676
0.06491946
0.04174102
0.05617676
0.04642255
0.05655947
0.05360846
0.07064452
0.08899622
0.04587239
0.04960091
0.04035700
0.06239235
0.04854414
0.04063342
0.07652394
0.04896187
0.05336610
0.04786272
0.06607327
0.06756980
0.05660885
0.04375550
0.04014047
0.05285307
0.06820120
0.09001246
0.06154581
0.06645094
0.04092764
0.05592739
0.06208931
0.04746536
0.04679585
0.04323566
0.04001362
0.04360928
0.04019017
0.04496664
0.05152317
0.04815144
0.06607129
0.05317443
0.04091647
0.04765461
0.04262676
0.04182379
0.04319738
0.04279164
0.05589843
0.04497796
0.05162242
0.04527328
0.04238526
0.04934884
0.04764243
0.06306131
0.05386909
0.05308342
0.04981263
0.04473791
0.04758767
0.06501754
0.04881135
0.04959737
0.06871462
0.04101940
0.06784049
0.05354980
0.06031722
0.04092067
0.04471676
0.09846477
0.06256038
0.05977030
0.05653407
0.04265881
0.04022135
0.04056609
0.05065494
0.04680141
0.05963947
0.09690418
0.04023558
0.06183818
0.04324014
0.04326887
0.04384818
0.04975750
0.06994502
0.04582369
0.05965750
0.06918018
0.04532336
0.04150176
0.04808525
0.06765391
0.05025572
0.04231865
0.04947042
0.07761736
0.09486581
0.05121983
0.04650281
0.07126473
0.05943945
0.05519362
0.04576229
0.05735456
0.07555628
0.04042753
0.07774179
0.04732145
0.05018096
0.05967138
0.05420700
0.07673669
0.06809142
0.04987372
0.06917141
0.04137069
0.04466799
0.06466309
0.04545146
0.04469214
0.06353347
0.04175812
0.05157227
0.09872369
0.04825906
0.04534566
0.05183029
0.07880651
0.04541248
0.04039303
0.05046128
0.05108392
0.04125513
0.06142070
0.04111704
0.05363863
0.08066113
0.04107609
0.06206912
0.07548573
0.06356263
0.06078908
0.07532642
0.04847393
0.05234551
0.04073527
0.05069243
0.05696112
0.06007536
0.04988433
0.05606465
0.07111831
0.04780345
0.04561353
0.05781311
0.04831681
0.05130629
0.04481525
0.07625686
0.06512993
0.04284403
0.04900688
0.09369926
0.04820193
0.04143514
0.07353517
0.04229469
0.09293958
0.05242460
0.06467808
0.04582957
0.04310689
0.04893954
0.05869892
0.04979196
0.05680856
0.05867074
0.04679917
0.05541538
0.06893944
0.04869421
0.06000581
0.04285038
0.04576947
0.04243125
0.04320001
0.04078321
0.07031180
0.05526208
0.04171731
0.04396061
0.06270635
0.04260880
0.05103241
0.04990359
0.06970573
0.05197287
0.06388343
0.05890918
0.04979550
0.05961457
0.05437695
0.05304148
0.04093521
0.06264894
0.05567520
0.08560622
0.06270375
0.06376304
0.04517187
0.06885281
0.05688183
0.04229703
0.06900577
0.05024996
0.06636213
0.04413630
0.05525617
0.04080090
0.05781565
0.05735887
0.04247435
0.04489123
0.06842248
0.04801033
0.04656450
0.04475984
0.04025179
0.09522700
0.09669024
0.04530663
0.05875810
0.04413894
0.04038371
0.04133280
0.07465791
0.07630797
0.06568272
0.04251807
0.07141150
0.04782128
0.06621367
0.04719830
0.05094048
0.05413192
0.04163804
0.07900303
0.07395169
0.06496583
0.05004441
0.05018699
0.04499305
0.04399994
0.04008326
0.08904787
0.07273556
0.04878449
0.04051779
0.04767606
0.06163933
0.04401572
0.04367096
0.05916863
0.04625287
0.04554648
0.04086078
0.06629153
0.04639150
0.04452234
0.04097283
0.05699017
0.06937314
0.06169884
0.04811058
0.04059005
0.04554412
0.04854296
0.05007737
0.05927204
0.04193752
0.07637417
0.08430034
0.04394498
0.06167873
0.05771038
0.05034977
0.06848360
0.06499935
0.04160843
0.04036123
0.04240685
0.05368595
0.05334979
0.04227736
0.05797706
0.04951501
0.04191559
0.04088986
0.08758430
0.04598280
0.05095442
0.04840318
0.04249315
0.05071750
0.05807906
0.04402621
0.04210470
0.04291639
0.04169702
0.04336385
0.04086612
0.04471047
0.04225270
0.06109256
0.04111981
0.04072454
0.04686432
0.04580033
0.05077933
0.04836335
0.06344649
0.04551230
0.04285024
0.04634249
0.04550513
0.04758899
0.05084540
0.05184648
0.04504528
0.04798559
0.06745937
0.04182431
0.04639222
0.05170857
0.04768931
0.05031275
0.05288972
0.04064104
0.06363693
0.05137189
0.06271794
0.04172193
0.04057930
0.04300224
0.05579531
0.04028585
0.05126302
0.05610091
0.04711842
0.04089237
0.04434290
0.04327732
0.05257761
0.06672548
0.06448812
0.04049433
0.04254815
0.04501601
0.04354153
0.06690937
0.06101412
0.06002614
0.04760407
0.07358235
0.04125908
0.04110247
0.04075412
0.05617101
0.04613246
0.06308093
0.06086564
0.04364259
0.04624817
0.05004359
0.04301326
0.05632810
0.04912774
0.04526514
0.04774081
0.04117156
0.04409710
0.04308107
0.05433729
0.06180290
0.07383604
0.07041951
0.05285268
0.08254051
0.05054462
0.07890036
0.04270074
0.04297565
0.04552961
0.05552820
0.04479079
0.05889337
0.07386633
0.05212751
0.04133234
0.04217650
0.04579456
0.06632716
0.07830317
0.04385839
0.04316607
0.06782432
0.04324846
0.05800554
0.04481396
0.05495841
0.06355834
0.04266873
0.06301792
0.04752708
0.06032744
0.08180562
0.04758317
0.05602423
0.06009344
0.04416119
0.04008188
0.04042746
0.04655663
0.06209544
0.06931038
0.08316993
0.04729359
0.05995335
0.04231495
0.06029406
0.06874595
0.04477864
0.04416336
0.04518524
0.04177204
0.04360427
0.04955038
0.04087490
0.05310333
0.06501780
0.07000225
0.04606429
0.04370648
0.07169699
0.05797368
0.04585823
0.06010720
0.04356198
0.04964180
0.05993176
0.06134999
0.05224454
0.08973226
0.06599966
0.06003164
0.06654351
0.05259825
0.04872242
0.05207551
0.04991361
0.04828107
0.05601156
0.04065836
0.06553674
0.04449500
0.05167175
0.04729825
0.04409293
0.09532130
0.06818854
0.04221100
0.04242683
0.06002022
0.04834357
0.04072576
0.05067618
0.05646823
0.04474988
0.04745371
0.06357293
0.04041595
0.07088812
0.09230471
0.05920503
0.07297018
0.04432783
0.04934574
0.04001382
0.06194057
0.07981908
0.04395184
0.06844317
0.05331975
0.05003604
0.05834057
0.05359034
0.04208077
0.08274968
0.05477992
0.04656853
0.04381156
0.04120096
0.05121726
0.05548771
0.04308011
0.04347388
0.05176600
0.06813674
0.04643435
0.05122211
0.06198671
0.08440092
0.04907820
0.06452642
0.04756536
0.04149886
0.07746091
0.05617545
0.05543328
0.05122999
0.08539095
0.07824437
0.04940947
0.04270900
0.04421072
0.06309197
0.05875684
0.04744018
0.05681718
0.06867171
0.05511523
0.05125991
0.05418305
0.06266802
0.04935540
0.04381969
0.09154458
0.06908027
0.05449842
0.04072043
0.06274655
0.06645315
0.06184435
0.04464729
0.04862411
0.04357327
0.05602683
0.07676435
0.04999571
0.04190750
0.06146690
0.05202549
0.04911324
0.04040466
0.07403490
0.04646015
0.04218760
0.04126644
0.04270462
0.04148934
0.05635689
0.05103019
0.04855975
0.04109552
0.05009128
0.08883040
0.04117700
0.06871931
0.04482660
0.04347590
0.06461710
0.04102490
0.04102830
0.04428757
0.04333917
0.04243408
0.06477409
0.04209065
0.05143001
0.04225996
0.04415573
0.05977259
0.06987727
0.06123567
0.06309089
0.04158122
0.06399626
0.05098950
0.05324003
0.04617887
0.05016328
0.05307054
0.05178589
0.08876316
0.05310158
0.07270963
0.06144475
0.05957307
0.05599791
0.05719657
0.04955726
0.05434616
0.04427978
0.06617073
0.04379171
0.04885270
0.04901737
0.05341223
0.04654222
0.05948505
0.08522305
0.06532853
0.07443772
0.04911264
0.05881543
0.04611141
0.05476516
0.06103532
0.06067071
0.06560219
0.04415298
0.04883356
0.06957545
0.04566551
0.06799486
0.06642450
0.05966754
0.07630176
0.05469984
0.04158865
0.06816556
0.04293513
0.05572574
0.04470708
0.04893153
0.07659313
0.04727036
0.05384982
0.04779234
0.06799343
0.05311743
0.04987427
0.04135006
0.06259760
0.05977440
0.04773503
0.08866848
0.04315886
0.04597703
0.05183369
0.04450810
0.04893746
0.04382560
0.06798281
0.07337704
0.04348558
0.04207382
0.04068004
0.06998797
0.05865456
0.04278833
0.05728494
0.04537808
0.04463896
0.05398517
0.06720933
0.07182383
0.04752712
0.06404886
0.07290947
0.05088000
0.04040781
0.07694777
0.04519938
0.04518239
0.04611699
0.04928978
0.04068669
0.04206732
0.04820168
0.04682593
0.05533036
0.04117258
0.08989838
0.05433428
0.04873374
0.05671901
0.04453804
0.07698696
0.05985186
0.05031230
0.05215603
0.04120055
0.07837076
0.04758377
0.05191212
0.04259152
0.04819536
0.06310132
0.04143700
0.05030245
0.04470755
0.06684392
0.05697461
0.04257202
0.04096073
0.04125591
0.06217445
0.04107176
0.05686399
0.04728698
0.04393927
0.09073012
0.04334445
0.07422967
0.04021241
0.07918851
0.09229188
0.05346442
0.04313035
0.05465437
0.04899393
0.06054496
0.04087524
0.05804857
0.05819720
0.06103150
0.06222323
0.05550789
0.06389134
0.04717533
0.04270747
0.04177970
0.04172462
0.04297655
0.05207811
0.06073711
0.04929180
0.04049225
0.06055458
0.07213450
0.04445696
0.04001662
0.05622245
0.05821480
0.04139542
0.08403050
0.04149518
0.05159926
0.05365318
0.08272201
0.04968866
0.04519357
0.07609817
0.04097775
0.05978108
0.04166208
0.05059715
0.07661450
0.06628455
0.06831415
0.04241732
0.05081376
0.05387601
0.05924233
0.04176821
0.07856947
0.04663240
0.06594865
0.04877780
0.08018610
0.04592362
0.05737585
0.04582160
0.04644574
0.04456721
0.04195886
0.05998339
0.06209250
0.04734373
0.04707431
0.06929076
0.04284271
0.04249087
0.05460907
0.04840209
0.04417618
0.06212471
0.05205986
0.05120534
0.05926432
0.04042790
0.04791209
0.06132831
0.04025901
0.05469117
0.05113939
0.05348019
0.04579759
0.08084386
0.07053506
0.06794653
0.05612311
0.04130127
0.04639814
0.04335237
0.04901542
0.08018227
0.04139467
0.04031472
0.05172333
0.04803624
0.04361493
0.04545455
0.04870828
0.04653254
0.05753798
0.08027772
0.07729100
0.05950706
0.04279388
0.06032897
0.04211195
0.08050440
0.04238293
0.07485902
0.04761932
0.04491015
0.04797423
0.06917585
0.06391116
0.04126126
0.05248947
0.04138754
0.04070778
0.04803986
0.07147316
0.05105382
0.04393708
0.04988715
0.04598824
0.04905178
0.05139824
0.05366873
0.04654741
0.05193204
0.04902058
0.05319272
0.05433522
0.04723548
0.04486407
0.07355954
0.05787799
0.04633068
0.06515250
0.08491995
0.06610231
0.06188985
0.04521676
0.06057853
0.06580036
0.05155785
0.05330631
0.05791790
0.08038935
0.05859672
0.05344049
0.04578747
0.04330050
0.07353554
0.04604546
0.06260867
0.04820539
0.06655987
0.04434676
0.04332698
0.06771532
0.07139389
0.05226415
0.06370844
0.06518927
0.05214967
0.04673348
0.04763663
0.04494710
0.04457693
0.05275025
0.04659801
0.04544671
0.04026529
0.08885484
0.06264339
0.05139781
0.06918891
0.05083121
0.04261314
0.06260130
0.04808976
0.04570794
0.05291267
0.05931245
0.04450972
0.05849031
0.04701133
0.04622830
0.04655555
0.05129337
0.07555156
0.06060249
0.07705783
0.04834017
0.04264804
0.06117148
0.04625754
0.05491753
0.05090604
0.04836515
0.04450293
0.05608669
0.06928054
0.04941414
0.04494752
0.09293546
0.07483110
0.07131356
0.08588711
0.04195821
0.05615355
0.06100546
0.05189613
0.08389210
0.04189088
0.04667942
0.07761050
0.04645192
0.04247909
0.05582341
0.09004520
0.05767491
0.04333627
0.09519849
0.07364647
0.04731171
0.05959699
0.04528101
0.08725746
0.05829821
0.04090607
0.05433033
0.06536581
0.04340531
0.04166757
0.04249059
0.05487155
0.05987670
0.04984892
0.04907141
0.05825301
0.07176494
0.04762070
0.07012181
0.04320688
0.04833736
0.04147565
0.06882295
0.04765479
0.04635733
0.04575003
0.04232122
0.04345163
0.05649713
0.04699011
0.04751196
0.04990122
0.04468296
0.05984714
0.05278469
0.05579525
0.05971277
0.04963851
0.05789660
0.05949869
0.04657611
0.04597708
0.09980446
0.04352953
0.07721897
0.04289124
0.04294468
0.05491314
0.05972646
0.04617691
0.05107159
0.04867730
0.04422859
0.08401659
0.04247373
0.05773735
0.07069128
0.06491359
0.04750387
0.05421859
0.05673942
0.07757997
0.04843018
0.04350752
0.06312964
0.04042989
0.04768897
0.04656525
0.04210035
0.05625191
0.04732866
0.04400735
0.04706961
0.04285115
0.06059530
0.08882019
0.04450643
0.09450074
0.08110548
0.04137617
0.05007431
0.05542118
0.04434093
0.09422429
0.04348301
0.05621688
0.06724808
0.04002430
0.04343588
0.04319621
0.05312290
0.05861162
0.05620577
0.04003908
0.04277425
0.07554615
0.05217786
0.04338574
0.04796007
0.04047584
0.05189847
0.05407184
0.07465515
0.04643225
0.06890124
0.04284227
0.05258396
0.04257765
0.05071472
0.04615508
0.05894500
0.05093851
0.05026215
0.04016506
0.04380055
0.07941536
0.06848840
0.04087701
0.04543333
0.05131367
0.05859529
0.04255363
0.04747449
0.05258578
0.05831124
0.04001387
0.05943414
0.06469839
0.09278349
0.05511427
0.04843645
0.06780864
0.04540416
0.04902119
0.04379972
0.04997383
0.08306045
0.04163404
0.04096911
0.04820388
0.04594166
0.04923751
0.05650733
0.05866987
0.04171786
0.05013072
0.04302630
0.05756107
0.04319887
0.04694400
0.07768861
0.04845655
0.04958189
0.05912337
0.05315436
0.04189244
0.04179106
0.05832817
0.04405619
0.05322665
0.04712472
0.04111927
0.04834396
0.05712256
0.06024955
0.04199393
0.04155892
0.05808977
0.04071064
0.04912534
0.04264154
0.05261716
0.05269262
0.05098929
0.04978233
0.04776003
0.04697900
0.04695209
0.05846590
0.08384998
0.04975953
0.04039152
0.08021153
0.05904938
0.04811603
0.05939429
0.05470154
0.04770374
0.05744005
0.05056267
0.06786634
0.04471597
0.05763355
0.04989878
0.09346755
0.04958573
0.04214550
0.07086724
0.06328540
0.04447867
0.04259178
0.08244172
0.04551201
0.04506771
0.04991179
0.04342920
0.06200646
0.06299827
0.08960272
0.06460162
0.07947655
0.04983995
0.05964710
0.04948385
0.04071865
0.06749095
0.05079877
0.04526439
0.04280217
0.08201688
0.04133006
0.07702533
0.04271550
0.07037116
0.04098983
0.04216727
0.04246105
0.04258069
0.06724364
0.04478187
0.05192992
0.04759158
0.04244482
0.04336397
0.04607685
0.08399811
0.06660026
0.06791803
0.05882438
0.04225518
0.05945670
0.04453657
0.04874995
0.04490696
0.04344698
0.04372650
0.04692148
0.04994986
0.05880301
0.06718702
0.04377384
0.05176064
0.08511996
0.05254175
0.04378281
0.04004062
0.04889974
0.04230494
0.04655830
0.07411933
0.06000547
0.05736198
0.07420443
0.04659985
0.04517353
0.07045119
0.04733513
0.04775861
0.04657186
0.06203900
0.07686364
0.04896225
0.04272318
0.06593014
0.07834818
0.05968589
0.07742719
0.05768423
0.04172283
0.05231770
0.04205935
0.09612972
0.07739981
0.04167761
0.06863598
0.04704700
0.05419827
0.06198385
0.06854127
0.04725975
0.04087407
0.04188935
0.04202449
0.04497671
0.06352092
0.07422240
0.05101820
0.04424658
0.04161363
0.04205408
0.04941528
0.05386364
0.05767818
0.07163412
0.06171848
0.04623483
0.04725425
0.05517200
0.06995416
0.04593756
0.06777582
0.04371742
0.05172009
0.04744096
0.09570342
0.05799041
0.08295182
0.05184168
0.04778575
0.05127740
0.04120659
0.05310650
0.04753752
0.04151959
0.04955298
0.06995918
0.05100129
0.04612103
0.09164334
0.07057996
0.07174232
0.05951702
0.04211044
0.04528214
0.06234373
0.04112849
0.06100545
0.05168711
0.05737579
0.08697010
0.07888390
0.05170675
0.04013175
0.05259750
0.04798571
0.04391478
0.04060097
0.05424178
0.04564646
0.04821097
0.04619798
0.04704380
0.05657485
0.05678160
0.09205180
0.09183337
0.06982993
0.04911880
0.05963948
0.06250805
0.04778946
0.04564453
0.04307990
0.05971657
0.05170858
0.06218455
0.07449120
0.05276072
0.04337301
0.04104118
0.04320824
0.04062287
0.05304092
0.04349829
0.04586312
0.05487971
0.05360255
0.05102824
0.04897502
0.04012858
0.05934554
0.05474492
0.05021340
0.04252095
0.07462904
0.07018745
0.08202406
0.05910487
0.08912048
0.06262126
0.04584235
0.04805185
0.07233399
0.06435516
0.05356407
0.06445793
0.05091996
0.04295499
0.05381838
0.06097676
0.04514117
0.05122250
0.04378381
0.07300951
0.06559748
0.04730284
0.04098750
0.04057348
0.07320332
0.05852186
0.04055992
0.06862090
0.04416628
0.04027611
0.06531784
0.06852102
0.04199034
0.04340952
0.08504276
0.04485711
0.07597567
0.04879194
0.07090549
0.04830202
0.05141705
0.05423749
0.04782974
0.04102694
0.05046379
0.04588192
0.07668676
0.04908456
0.07235413
0.07428766
0.05145073
0.04746788
0.06033713
0.05319161
0.04256864
0.04579694
0.04908802
0.08995771
0.07485513
0.06108596
0.04328944
0.04543982
0.06526913
0.05242293
0.04435196
0.04960774
0.05720509
0.06498579
0.05408504
0.04507138
0.05827547
0.05636007
0.04973815
0.06389457
0.04963083
0.05878398
0.04087516
0.04823587
0.04269395
0.06810626
0.04933664
0.05673992
0.04358098
0.07256970
0.04149233
0.06245521
0.04694747
0.04686331
0.05142876
0.06044396
0.04072006
0.06331830
0.04042730
0.04270460
0.04746067
0.05569972
0.06708560
0.06036712
0.05722940
0.04184738
0.05224922
0.05357078
0.04550286
0.05644357
0.04706320
0.05215697
0.06075179
0.05085205
0.04705212
0.06761561
0.05699850
0.08734537
0.04835490
0.06476522
0.04362406
0.04719516
0.04061448
0.04341205
0.04703378
0.04706152
0.04314333
0.05618787
0.07764381
0.05302054
0.05478414
0.04884529
0.04263702
0.04966474
0.08207835
0.05284031
0.06392022
0.05215737
0.07491925
0.05720625
0.04614358
0.04313197
0.04494284
0.08156461
0.04767152
0.05620091
0.04748396
0.04144648
0.04582222
0.07342471
0.04510786
0.04313807
0.07850503
0.04632990
0.04592711
0.07592598
0.06740825
0.04138476
0.05389040
0.04058391
0.06681176
0.05316158
0.05065853
0.07252461
0.04316567
0.04017715
0.04691881
0.04276676
0.04713199
0.09041771
0.06168738
0.04419439
0.04994896
0.06680591
0.06003113
0.05129915
0.04105422
0.04325320
0.09761648
0.05284010
0.04531152
0.06447110
0.08513983
0.05177619
0.04295025
0.05641244
0.04625744
0.05774964
0.05503773
0.04841244
0.05038359
0.04340422
0.06858460
0.05284011
0.04721114
0.09904686
0.04626657
0.05396457
0.04542475
0.04349874
0.06006273
0.08180820
0.04190184
0.04210844
0.04156260
0.05060365
0.05643984
0.07354152
0.07265491
0.05554636
0.05751921
0.07039382
0.05136314
0.04635623
0.04198184
0.04289652
0.06797154
0.05936525
0.06736957
0.05249182
0.04989314
0.04928799
0.05685857
0.06729508
0.04695023
0.05447561
0.04318505
0.07647253
0.04562615
0.04486435
0.08473234
0.06647231
0.05796703
0.04842940
0.04246449
0.09394903
0.04056710
0.07886991
0.07782442
0.05706546
0.05443979
0.05472236
0.05317921
0.09425274
0.06165166
0.04973186
0.04023216
0.06854459
0.07549939
0.04724229
0.07024399
0.07437998
0.04484197
0.05474169
0.04987123
0.04188032
0.05254871
0.04503866
0.05608187
0.04118126
0.04016267
0.06818283
0.07126021
0.04702293
0.04728131
0.04058700
0.06298633
0.06867718
0.06147175
0.04536627
0.04194704
0.04987701
0.06464664
0.05201888
0.04542487
0.09746603
0.06379291
0.07792055
0.05504606
0.08532795
0.06252078
0.05573235
0.05357973
0.06293913
0.05524413
0.04642654
0.06253051
0.04392805
0.05291747
0.04024875
0.05804438
0.04157367
0.04327939
0.06211411
0.05278039
0.06403512
0.04518428
0.05554011
0.04346193
0.07173154
0.04805259
0.04498612
0.04592334
0.04762376
0.05582347
0.04705426
0.05989360
0.06487424
0.06463123
0.05356619
0.04001259
0.08146822
0.04561283
0.04633287
0.05491353
0.09952765
0.04209590
0.07567005
0.06222599
0.04777066
0.06117875
0.06049218
0.06314803
0.04330917
0.04675860
0.06221610
0.07176770
0.04213136
0.04284570
0.07917094
0.08777582
0.05057737
0.04674915
0.05313336
0.04028245
0.04674953
0.09035402
0.04810184
0.05447768
0.04679219
0.07435645
0.05061224
0.04745007
0.04340228
0.04514594
0.04550125
0.04457645
0.04375457
0.05169999
0.04223669
0.06725560
0.08390115
0.05103417
0.04558128
0.06639890
0.06431847
0.04398329
0.06257288
0.07620485
0.05126828
0.06795001
0.06217500
0.04953661
0.06729890
0.04462602
0.04529711
0.06530643
0.04092203
0.05404900
0.06879920
0.04606054
0.04032596
0.04399803
0.06399248
0.04445480
0.04964404
0.05046624
0.07649146
0.06075443
0.04052986
0.05434327
0.04293822
0.05231610
0.05456352
0.07274452
0.04745966
0.04671925
0.06493929
0.04399884
0.04523350
0.05196826
0.08038166
0.05423870
0.05211954
0.06599067
0.04522460
0.05128354
0.07191422
0.04527345
0.05528428
0.08219623
0.04208382
0.07372992
0.06290904
0.04340770
0.04043499
0.05807528
0.04820935
0.04497529
0.04039282
0.04534898
0.05637475
0.04948532
0.04982599
0.06534686
0.06906658
0.05647365
0.04792363
0.07647159
0.05385023
0.07551627
0.05620985
0.04322890
0.05116786
0.04371891
0.07622656
0.06364178
0.05587887
0.06976363
0.05096709
0.04177769
0.09199637
0.04067244
0.05374675
0.04562038
0.04454208
0.04577175
0.07252401
0.04105836
0.04481913
0.05118512
0.04309913
0.07935217
0.04176092
0.07264472
0.04419014
0.05706237
0.08258719
0.04499578
0.06781427
0.04252880
0.05963635
0.06628156
0.05384658
0.08526638
0.06885004
0.04391430
0.04211421
0.04320135
0.04182319
0.04951360
0.05342248
0.07371817
0.04620392
0.04521501
0.04199254
0.05573010
0.05733886
0.04750240
0.06541111
0.04387841
0.05701818
0.04056164
0.04063550
0.07204775
0.05320221
0.06222343
0.04671685
0.05054335
0.08068402
0.06214521
0.06948903
0.04003070
0.04712875
0.04564621
0.04340484
0.05354318
0.07085858
0.04361455
0.04019672
0.07257260
0.08348888
0.04584922
0.04096372
0.06225213
0.04605953
0.04061182
0.04123674
0.05293787
0.05690109
0.04020238
0.04824256
0.06425908
0.05130490
0.04281059
0.05011286
0.06069747
0.04754963
0.07419116
0.06746288
0.05507407
0.05488470
0.06623573
0.05327246
0.05094994
0.04594045
0.04031839
0.04331182
0.04982346
0.05468350
0.05247844
0.04141055
0.05215935
0.05502370
0.04304735
0.04819651
0.05233900
0.06879440
0.06244270
0.04509678
0.04239934
0.06119061
0.04117909
0.04228435
0.04663787
0.04275871
0.06819331
0.04752568
0.04466751
0.06346688
0.05153268
0.04603522
0.05923873
0.06175428
0.04684016
0.04950179
0.04019740
0.04174552
0.04565056
0.04564299
0.05204220
0.04009954
0.05814104
0.04043876
0.04526311
0.04536435
0.04314239
0.04954696
0.04893750
0.04200290
0.06690724
0.04138098
0.05791966
0.06879710
0.05657185
0.05926174
0.04619468
0.04818995
0.04021812
0.04919114
0.04164595
0.05003275
0.07293810
0.04499146
0.05762287
0.04738974
0.04211941
0.05836915
0.07497003
0.05568754
0.07753334
0.04868367
0.09997708
0.05513905
0.04003918
0.04499135
0.06663603
0.08223393
0.04016508
0.04547716
0.04643492
0.05302490
0.08830484
0.04903441
0.06323726
0.04123599
0.04920962
0.06554501
0.06564949
0.06437542
0.04389804
0.04203179
0.04603281
0.08341075
0.05738517
0.05159868
0.05910158
0.06713363
0.07471031
0.06502451
0.05421805
0.04286886
0.05020796
0.06314097
0.04166958
0.06390988
0.04904722
0.04892655
0.06210021
0.05032545
0.04198774
0.04139537
0.07424313
0.07692033
0.04547024
0.09272882
0.05971071
0.05530692
0.04612471
0.06038544
0.08152050
0.07417198
0.08044873
0.05087056
0.05431624
0.04824398
0.04582884
0.04075338
0.04242770
0.07038036
0.04124245
0.04295816
0.06994737
0.07576912
0.04187375
0.05509474
0.06963546
0.05658090
0.05159532
0.08133345
0.05089741
0.07346718
0.04477779
0.04124928
0.04277730
0.05971788
0.04821490
0.05750974
0.04078444
0.04280108
0.04272891
0.04488502
0.05779695
0.04545170
0.04496180
0.04169785
0.08176604
0.05348832
0.06483087
0.04638787
0.05806103
0.04414746
0.04749026
0.04081261
0.04938032
0.04240243
0.04215992
0.05760403
0.08524118
0.04157677
0.04325157
0.05223484
0.04626379
0.05601197
0.06332424
0.04940728
0.04516318
0.04062458
0.04032517
0.06251404
0.05563885
0.04521744
0.04092972
0.04940425
0.07881706
0.04677600
0.05348155
0.06638415
0.04492442
0.04795266
0.04720535
0.04096306
0.04621167
0.04071144
0.06184434
0.04936408
0.06369075
0.05151019
0.07899886
0.04573184
0.05999172
0.05618926
0.04177250
0.06470606
0.05234225
0.05741429
0.07265550
0.04171623
0.06063360
0.04045028
0.05468903
0.06050459
0.09767841
0.05161367
0.05262839
0.06402481
0.04489627
0.05227179
0.04226788
0.04279989
0.08411490
0.04784724
0.04111805
0.06048627
0.04403048
0.04248508
0.05104480
0.04871791
0.04107388
0.05808473
0.05036284
0.04615007
0.04961365
0.06419277
0.04918976
0.07157111
0.04075803
0.05706597
0.04606229
0.05089659
0.04265044
0.06686343
0.08078029
0.04839850
0.07247678
0.04358727
0.06296719
0.06301090
0.04083982
0.04539370
0.05608070
0.04011380
0.04490337
0.04035425
0.04172258
0.04399785
0.05154526
0.05274305
0.04360030
0.06486530
0.04949596
0.04267061
0.06742957
0.04138940
0.04543053
0.04445695
0.04564022
0.09042095
0.04568426
0.04400573
0.05078318
0.06609530
0.07163859
0.05052306
0.06261720
0.05478005
0.04739561
0.04358737
0.04357974
0.06868426
0.06770018
0.05750870
0.04769138
0.05425742
0.04396888
0.06290615
0.08858724
0.06844818
0.04634654
0.05370771
0.06832981
0.05315955
0.04599135
0.04414225
0.05611883
0.04427493
0.04070132
0.04155843
0.07123465
0.05350604
0.04121861
0.04184776
0.04018349
0.04457560
0.06197692
0.04052084
0.05443250
0.04083867
0.04461496
0.05168973
0.05069209
0.05946406
0.05518280
0.04190671
0.04467726
0.04957272
0.08149500
0.07152512
0.04655358
0.04068831
0.05882183
0.08379365
0.06951312
0.04720693
0.04111787
0.04224765
0.04218063
0.05177011
0.04933092
0.04862749
0.04661628
0.04980925
0.08905980
0.04708458
0.04340610
0.04362720
0.07992751
0.04517613
0.04074100
0.07162476
0.06466348
0.05578930
0.06670729
0.04265419
0.04047981
0.04018073
0.06190785
0.07568258
0.04730580
0.04728366
0.06797781
0.04682798
0.04099600
0.07730073
0.04096159
0.08604156
0.04503447
0.06871695
0.05436770
0.06569684
0.04633580
0.04490134
0.04469153
0.04015047
0.07768685
0.04141252
0.06129787
0.04594615
0.04757382
0.04567921
0.07825951
0.07655836
0.04630285
0.04573641
0.05804191
0.04424059
0.06427553
0.04773738
0.09225152
0.05642579
0.05521600
0.04249956
0.04378962
0.04456667
0.07034224
0.04409346
0.05986638
0.05948359
0.07987955
0.04342749
0.04278484
0.05060038
0.06667039
0.04647717
0.04924405
0.08438434
0.04715953
0.04343514
0.04109468
0.06442053
0.04193890
0.06727133
0.04941146
0.06240977
0.07737194
0.06390276
0.08404154
0.06480126
0.04207693
0.04326892
0.05212687
0.05466741
0.04231966
0.06974934
0.04358218
0.06850502
0.05940695
0.05773378
0.05734116
0.08203770
0.07233902
0.05278134
0.04544858
0.04226218
0.04391598
0.05069650
0.04957027
0.05933335
0.04259265
0.04729635
0.05801029
0.04938805
0.04566268
0.04894123
0.05065254
0.04233307
0.07825557
0.07626386
0.04004808
0.06001340
0.05007783
0.07087884
0.06756465
0.04510008
0.04615593
0.04687340
0.05678552
0.04577639
0.05935653
0.05735741
0.05129326
0.05415712
0.07047427
0.04238865
0.04525476
0.04131619
0.05160849
0.05169897
0.06580670
0.06440888
0.04197017
0.05293382
0.06929049
0.04180984
0.04102881
0.04773926
0.04289837
0.07859495
0.04200781
0.04691031
0.07009374
0.07007714
0.05018315
0.04124524
0.04229289
0.06508062
0.08544554
0.06191670
0.06852417
0.04043560
0.06336648
0.04928149
0.07845304
0.04587837
0.06516548
0.04315659
0.05050766
0.05325240
0.04869705
0.06263084
0.08647495
0.05289090
0.07076481
0.04022817
0.05844018
0.05363187
0.05264495
0.04540163
0.06195405
0.06779089
0.05645841
0.04628523
0.05324941
0.04821879
0.06513684
0.04262413
0.09329994
0.04138361
0.07925412
0.04191071
0.05672876
0.04770144
0.05425394
0.09754908
0.04360510
0.05055219
0.04311509
0.04445865
0.05591010
0.07697075
0.05780367
0.04502091
0.04186085
0.05775002
0.08553212
0.05427651
0.04445479
0.08631827
0.09324917
0.04864891
0.05564335
0.04061164
0.07862000
0.05182556
0.06086018
0.04059402
0.05839397
0.04852148
0.04260199
0.04114261
0.05206480
0.05231922
0.05029958
0.04847305
0.05751202
0.04194543
0.04706567
0.04120593
0.04245907
0.05115869
0.06186116
0.06402932
0.04412914
0.04375583
0.06642765
0.04385089
0.06742596
0.04135849
0.04377069
0.04394924
0.04613959
0.05197555
0.04896580
0.05666764
0.08595648
0.04665985
0.07383105
0.04324432
0.08125782
0.04594369
0.08668113
0.05188388
0.08908469
0.05145642
0.05483304
0.06918837
0.06773750
0.08399654
0.05177136
0.05102048
0.05204026
0.05604070
0.04612824
0.05550607
0.04689782
0.05686457
0.06435315
0.07901665
0.05265780
0.04195167
0.07389430
0.08039054
0.04086140
0.06730260
0.07067661
0.07137827
0.04131020
0.05348746
0.05761349
0.05744867
0.07841307
0.06824971
0.04075073
0.04394605
0.05005296
0.04595840
0.05012892
0.08860472
0.05281882
0.04779879
0.04354351
0.04420636
0.04897397
0.04248786
0.05839286
0.04452145
0.04870677
0.08943637
0.05785471
0.05539385
0.05298500
0.05631453
0.07109473
0.06391651
0.04944592
0.04599442
0.06215876
0.05793603
0.05480339
0.05158344
0.05184293
0.06377517
0.04314404
0.05225874
0.04344583
0.04107265
0.05288020
0.04410437
0.06709266
0.05342719
0.04154382
0.04266453
0.04240861
0.04580118
0.04510501
0.04988392
0.04822274
0.05361290
0.05015232
0.07598804
0.06327741
0.05039711
0.04731699
0.04244537
0.04330063
0.04591357
0.05480982
0.04173499
0.04409794
0.04476762
0.07330499
0.06906187
0.05218256
0.04238761
0.05208501
0.05944524
0.04197714
0.05048736
0.04975692
0.07393818
0.04907736
0.07989151
0.04283174
0.06114658
0.04505881
0.04829563
0.06015849
0.06095105
0.06265079
0.07252811
0.04872161
0.05648461
0.05955820
0.04169656
0.05002068
0.04173926
0.04192405
0.04792395
0.04567261
0.04599964
0.04482623
0.04637112
0.05011811
0.08441167
0.04596293
0.06860286
0.04164945
0.06171136
0.05582502
0.06009169
0.06678799
0.04493109
0.04075704
0.05621038
0.08192310
0.04128550
0.04651569
0.04590248
0.06115878
0.05351974
0.05540910
0.05551215
0.06164432
0.04779726
0.06467890
0.04482820
0.05414048
0.04978683
0.04329679
0.04239781
0.04533850
0.07554009
0.04087345
0.07642507
0.05187797
0.06486540
0.06141570
0.04630717
0.06523077
0.04604507
0.06053082
0.04252113
0.04248424
0.05397318
0.04699510
0.06446424
0.04277531
0.05340221
0.04711737
0.05708429
0.04598002
0.07891446
0.06506331
0.05028507
0.04077872
0.04902029
0.04461908
0.05877542
0.04655535
0.05336216
0.06510456
0.04808992
0.05376580
0.05112106
0.04293287
0.04622859
0.04927171
0.08858693
0.04729436
0.05367983
0.07543282
0.04358314
0.04800197
0.05448487
0.04103661
0.04046573
0.05491092
0.06043875
0.05533569
0.04923751
0.04270530
0.05009145
0.07662490
0.04072324
0.05224656
0.04406679
0.04001160
0.06260363
0.08907998
0.07569249
0.04285659
0.04310459
0.06495944
0.05063752
0.05881971
0.06323682
0.09392688
0.06015240
0.07487467
0.04800209
0.05501006
0.04575180
0.04327112
0.04034926
0.07034237
0.06280212
0.04665069
0.07694381
0.04837931
0.04825055
0.04199570
0.04596740
0.04638743
0.04743355
0.09003847
0.05915049
0.05998734
0.06166176
0.04769614
0.04925217
0.07076206
0.05456445
0.08000797
0.07377777
0.07041639
0.05081820
0.04448872
0.04551137
0.06406574
0.05093632
0.04957510
0.04105831
0.04500208
0.08875759
0.05256844
0.04210505
0.06012041
0.05759746
0.06807383
0.05285284
0.06608885
0.07499763
0.04362585
0.04618418
0.07119121
0.05675910
0.05721358
0.04953801
0.07612774
0.04299782
0.04677261
0.04459888
0.07068752
0.06696936
0.06883827
0.04100471
0.04117444
0.04433535
0.05526523
0.05107014
0.05437927
0.06784608
0.04689088
0.04118736
0.04652136
0.04066247
0.04293706
0.06068132
0.05286350
0.04067968
0.04477793
0.08564264
0.04190743
0.07958552
0.05597138
0.07765039
0.04298827
0.08310915
0.04043860
0.06622750
0.05541803
0.06581960
0.06391067
0.04416166
0.04556508
0.05964243
0.05053467
0.06462774
0.05649292
0.07013229
0.06369315
0.05162765
0.07191546
0.04192053
0.06015325
0.06508709
0.04046436
0.06007103
0.04088910
0.04093981
0.04824596
0.05365840
0.04087659
0.04563751
0.04957275
0.04366375
0.05651158
0.05536651
0.05617181
0.05077571
0.04566999
0.04189389
0.04409822
0.06464458
0.04127414
0.04839464
0.04640634
0.04696701
0.07037935
0.07515609
0.05407881
0.08849620
0.05626124
0.04917955
0.05762253
0.04652825
0.06079150
0.04352556
0.04486081
0.05562149
0.04672820
0.04573517
0.04144273
0.04777759
0.04391542
0.06382506
0.07284221
0.04493210
0.08296333
0.04381691
0.04331165
0.04311443
0.06122436
0.04071250
0.04383879
0.04103886
0.05172222
0.04296969
0.05237089
0.06238327
0.07722796
0.07292269
0.08378774
0.05282117
0.04508028
0.04339987
0.08203573
0.04684013
0.05250254
0.05527859
0.04774309
0.05447971
0.06621224
0.06541077
0.09959068
0.04494412
0.05449596
0.05885920
0.04359754
0.04242346
0.05047537
0.05220536
0.05844846
0.05708269
0.09389890
0.04128539
0.05197429
0.05921243
0.05821480
0.04896288
0.04939729
0.04622018
0.04315107
0.04949879
0.04790393
0.05068038
0.05142534
0.04408434
0.06589921
0.08035446
0.07104000
0.05981265
0.04108146
0.05945857
0.07514530
0.06759754
0.04807530
0.06185036
0.04172450
0.05839098
0.05220644
0.04506162
0.06722084
0.07604169
0.04870650
0.06629958
0.04921180
0.04710341
0.04467828
0.08266030
0.07697038
0.07637795
0.04168425
0.06204936
0.06229159
0.04506914
0.07191911
0.05352107
0.05506696
0.05549183
0.04366836
0.06261957
0.05558034
0.05310488
0.05493087
0.06842629
0.04168425
0.04300432
0.04257079
0.06239752
0.06976241
0.05223825
0.04063941
0.05510623
0.04983776
0.04579017
0.05444177
0.04864130
0.05713846
0.07853251
0.05146941
0.05717947
0.04361943
0.08184300
0.04410823
0.05797997
0.04070210
0.06007276
0.07419182
0.06788785
0.04790091
0.04356988
0.07290304
0.04089562
0.05451210
0.05206446
0.05494459
0.04627195
0.04265924
0.04461664
0.05085985
0.04847809
0.05162301
0.04990823
0.04210978
0.08263725
0.05196561
0.05157333
0.05429834
0.08387444
0.04296262
0.04029421
0.04436659
0.04020104
0.04079405
0.05912249
0.05142279
0.06182042
0.06064614
0.08230439
0.04878419
0.04959565
0.04162825
0.09714842
0.06604035
0.06192804
0.09295992
0.05495928
0.04255587
0.05771581
0.04517780
0.04274409
0.04521166
0.04744991
0.06999994
0.05501212
0.04555652
0.06037106
0.06307262
0.06966838
0.04606308
0.05368443
0.04196020
0.04850959
0.06719916
0.04704840
0.05477559
0.04969449
0.06944614
0.05513621
0.06121401
0.04268715
0.09197923
0.05844179
0.05398200
0.04098531
0.05511692
0.07210038
0.05322475
0.06723856
0.07096127
0.05519913
0.04708558
0.04973775
0.04139361
0.04860557
0.04427724
0.06184388
0.04806274
0.04523037
0.04631933
0.04894665
0.04712595
0.04000677
0.05106726
0.04336557
0.05339110
0.04382260
0.06485570
0.05118817
0.05238152
0.04932461
0.04383514
0.09884756
0.05404995
0.05082018
0.04525351
0.04779782
0.04999795
0.04786924
0.04083702
0.06296504
0.06882905
0.06634242
0.04084229
0.04239162
0.08547887
0.05976378
0.04936443
0.06483646
0.05401272
0.04933674
0.04805809
0.07283646
0.07448922
0.06304027
0.04464674
0.04266104
0.06592777
0.08386862
0.04232921
0.04548735
0.06652273
0.05719121
0.06074178
0.05363507
0.04117082
0.04566278
0.04908394
0.04242236
0.04915192
0.05163743
0.07231726
0.04354535
0.04930150
0.05658921
0.06257079
0.05230589
0.04989527
0.07678012
0.06197037
0.04675256
0.06056473
0.06778202
0.04484044
0.04146404
0.05482131
0.04436917
0.04915494
0.05489404
0.08212123
0.04805624
0.04228301
0.04274345
0.06816975
0.05858824
0.05446205
0.04574228
0.04986537
0.04733967
0.05370087
0.04715713
0.04518203
0.05192121
0.04202588
0.05079964
0.04176215
0.07009404
0.05536228
0.05481092
0.04071237
0.05162294
0.05146253
0.04003532
0.05493541
0.05199323
0.08876100
0.06570579
0.04428070
0.04369154
0.05553167
0.04842268
0.04713404
0.04192006
0.05587914
0.04496974
0.04169079
0.06192978
0.04115307
0.06359622
0.04533866
0.05922861
0.05844054
0.04410172
0.04853812
0.04222818
0.05670211
0.04639711
0.05552505
0.04073920
0.04688088
0.07011085
0.06478640
0.05306216
0.04791231
0.05090553
0.04199354
0.08785980
0.04003917
0.04608173
0.07223788
0.05125700
0.04795614
0.09752116
0.07451517
0.04507153
0.09102381
0.06758233
0.04156659
0.04373988
0.04897146
0.04950447
0.07384430
0.04190340
0.06158312
0.06080510
0.04449195
0.05095616
0.04640790
0.04808172
0.04695869
0.06931469
0.08249032
0.04568693
0.06228578
0.04604154
0.05294969
0.06086585
0.05153088
0.04474295
0.06508185
0.08908985
0.04932232
0.04307729
0.04066076
0.05898949
0.05119340
0.04448518
0.07243912
0.04034517
0.04185241
0.05314132
0.05570072
0.08894905
0.04832048
0.04822186
0.04482207
0.05478561
0.06625440
0.04348056
0.05923467
0.04045088
0.04124564
0.04380154
0.05715046
0.04841629
0.05417017
0.04054338
0.04198048
0.05747973
0.04766471
0.05661551
0.06856319
0.05519984
0.04787307
0.05053891
0.04510009
0.05438776
0.06109971
0.05514334
0.08505482
0.04536499
0.06472762
0.04048955
0.04146964
0.05117014
0.04705433
0.04187783
0.06764137
0.08735066
0.06495412
0.04609110
0.09824063
0.04665072
0.06641962
0.05372163
0.05925891
0.04941688
0.04905589
0.04270628
0.07153621
0.04254142
0.04806944
0.04530604
0.05205594
0.05652062
0.04227095
0.04926616
0.05066364
0.04139224
0.07195044
0.04173380
0.04655227
0.05062174
0.04654475
0.04754010
0.04852336
0.06171363
0.04933362
0.08303184
0.04374363
0.04148843
0.04027957
0.04651020
0.05272275
0.04351063
0.04740376
0.05691869
0.05048870
0.04715147
0.04527772
0.04261532
0.04446405
0.05464151
0.04627602
0.04750276
0.04627453
0.05749213
0.04614046
0.05883948
0.04459836
0.05791479
0.07779822
0.06671913
0.04310132
0.04031261
0.06724685
0.04389389
0.07548162
0.05060663
0.04700543
0.04594369
0.04010348
0.08770600
0.04519899
0.06420536
0.09985760
0.04366262
0.06555753
0.04735413
0.04727367
0.07671640
0.04303685
0.08251489
0.04042913
0.06196663
0.05466036
0.07082237
0.09140137
0.04011081
0.04478671
0.04251607
0.04961991
0.04475625
0.05183536
0.04247202
0.05844368
0.05165287
0.07755406
0.05497209
0.05194730
0.04016746
0.08988438
0.05124444
0.05876071
0.04722640
0.04410504
0.05924959
0.08892777
0.04890926
0.04670373
0.05491699
0.04922001
0.08318538
0.04380792
0.05619943
0.05247535
0.04822416
0.04765756
0.06555460
0.07105691
0.04065848
0.05373532
0.05541898
0.04106872
0.05201350
0.04447908
0.04805635
0.04297600
0.04375731
0.04646179
0.05622497
0.07178002
0.08420223
0.04855348
0.05161180
0.05672640
0.06162323
0.05719277
0.04043465
0.05359647
0.04241009
0.06079176
0.04628434
0.04508154
0.05346433
0.04959849
0.05769015
0.04177485
0.05941114
0.06768011
0.05143205
0.04079164
0.04935453
0.04646829
0.04212172
0.04007439
0.04293820
0.05347629
0.04071794
0.06249277
0.04314033
0.05011565
0.05001187
0.04180070
0.05030183
0.04169579
0.04173517
0.04641312
0.05147540
0.05569594
0.04523485
0.04142679
0.04393653
0.04854822
0.06068495
0.04286202
0.09807819
0.09159009
0.04095552
0.06317404
0.04539416
0.04216492
0.06338907
0.05140512
0.07149288
0.07584268
0.04995803
0.05842471
0.06300810
0.06082931
0.04069916
0.05660209
0.07109541
0.04949276
0.04131247
0.07503210
0.06998321
0.04188760
0.07280248
0.04107236
0.04695091
0.04849357
0.05872039
0.07157829
0.04300336
0.05167341
0.07728010
0.04670894
0.04512330
0.09032480
0.07210657
0.05278189
0.04824517
0.04129215
0.08266116
0.08306863
0.04562894
0.05404564
0.05982733
0.04636587
0.04311868
0.04770696
0.04539903
0.04692859
0.04274571
0.04885847
0.09768191
0.05713220
0.07896554
0.05421081
0.04699416
0.05480391
0.04737493
0.04559973
0.05009880
0.04095202
0.04730550
0.06598763
0.06903146
0.04720871
0.04237422
0.04458340
0.04482145
0.04495962
0.06681279
0.08325329
0.04816607
0.05701288
0.09069193
0.05060815
0.04716491
0.04599916
0.05974998
0.04003085
0.05057706
0.07384745
0.04075458
0.04288806
0.05133484
0.08090822
0.05212999
0.07248348
0.04865227
0.06626538
0.05741050
0.04123631
0.09953688
0.04260702
0.08412213
0.07618438
0.04451800
0.04879300
0.05208208
0.04472125
0.05914565
0.04402196
0.05145028
0.04231523
0.05683586
0.04252891
0.06034760
0.05287321
0.04262872
0.04740743
0.06022098
0.05897916
0.05579812
0.04205739
0.04222182
0.05327550
0.07532209
0.04381918
0.05767963
0.05046177
0.06845154
0.05497066
0.06645462
0.04869575
0.05006271
0.06106131
0.05935417
0.05058524
0.07751640
0.05037171
0.04089454
0.04061268
0.05138548
0.04792455
0.04432333
0.07188460
0.05326967
0.05292057
0.05473389
0.05550705
0.06268461
0.04998819
0.04041120
0.04808637
0.06461580
0.04227167
0.04654218
0.04287631
0.05014695
0.06237837
0.04035780
0.04455523
0.05451855
0.04614912
0.06847379
0.07736019
0.04179448
0.04114514
0.06208974
0.07529817
0.04693415
0.05208235
0.05187275
0.04771368
0.05469044
0.05327300
0.07220593
0.05931496
0.04128643
0.04119461
0.05609959
0.04837556
0.05687971
0.04502086
0.08150167
0.06045641
0.04555629
0.04339452
0.05142849
0.04182696
0.05680005
0.06811885
0.05121173
0.04156279
0.06372414
0.04830317
0.08072071
0.05098076
0.06092519
0.04784291
0.06658462
0.06471090
0.06143259
0.04729521
0.04335945
0.04056289
0.04493043
0.07671084
0.05148429
0.04642156
0.08669645
0.04319807
0.05361129
0.04319110
0.04127583
0.04487500
0.05808011
0.05698845
0.04166936
0.09448545
0.07236269
0.04222764
0.04480696
0.05083865
0.06591999
0.04436625
0.05010068
0.05239382
0.04216698
0.04505795
0.05911446
0.04576169
0.04452848
0.04897063
0.05274029
0.04451791
0.04128229
0.05585120
0.05158520
0.05363441
0.06667035
0.05530868
0.04719086
0.04301609
0.04668183
0.04681787
0.06152257
0.06033407
0.06898529
0.08180711
0.06975539
0.09059808
0.04573552
0.05187515
0.06409571
0.05183847
0.04894336
0.04485142
0.05822145
0.04691048
0.04518464
0.05199945
0.04855625
0.07642844
0.05868763
0.04990312
0.04787931
0.04274618
0.06334863
0.05181078
0.06943084
0.04005682
0.04879598
0.04092942
0.05733732
0.04119915
0.05002838
0.05231409
0.04610063
0.07588549
0.04111624
0.04234745
0.04621005
0.06871007
0.04980798
0.04233727
0.05911332
0.05103664
0.07351522
0.06226122
0.05637834
0.07088371
0.05498267
0.08701341
0.08194963
0.04706913
0.04719450
0.04093530
0.04564083
0.04101898
0.07813694
0.04045836
0.04506898
0.06023234
0.05551326
0.04240058
0.06482513
0.06092910
0.04096920
0.04821728
0.05036196
0.04127888
0.05298612
0.04875117
0.07131021
0.05214127
0.05180579
0.06217585
0.06709091
0.06416547
0.04878592
0.05553999
0.07152996
0.04591061
0.05126082
0.05122785
0.04240242
0.04779291
0.05091896
0.04863470
0.08156572
0.04961432
0.04706334
0.05874922
0.04054283
0.05625632
0.04016177
0.09868741
0.04517881
0.08797689
0.04217931
0.05431021
0.04059598
0.05511219
0.04226573
0.05394599
0.05927886
0.06745931
0.04596068
0.07416422
0.06443887
0.06528212
0.06867125
0.04815925
0.04690455
0.05449920
0.04048229
0.04322418
0.05079164
0.04693237
0.04260486
0.06835714
0.06247297
0.05810880
0.04213974
0.04163370
0.04708647
0.05996163
0.04499327
0.04822860
0.04720659
0.07217418
0.05170470
0.05360012
0.04298823
0.05868845
0.05693328
0.06443318
0.04426301
0.08322780
0.09444835
0.04244316
0.06216064
0.05610482
0.07541873
0.05272388
0.09180251
0.07182266
0.08443865
0.04029152
0.04179302
0.04213230
0.05363893
0.06248627
0.08272280
0.04345266
0.07275469
0.04468415
0.04026871
0.04030517
0.06129266
0.05127829
0.04942198
0.05998658
0.05232833
0.04553142
0.05959503
0.05046773
0.05245871
0.04406104
0.05011284
0.04180911
0.04879328
0.04011969
0.08283548
0.04961420
0.06305347
0.06486354
0.06397655
0.06775004
0.05231980
0.04148769
0.09141670
0.07170533
0.05989811
0.04429888
0.04852645
0.04254766
0.05354452
0.04976081
0.05919470
0.04981862
0.04167186
0.04738747
0.05956578
0.05868188
0.04151285
0.04333513
0.04380546
0.09960788
0.05415042
0.04528214
0.04447501
0.09786146
0.06766667
0.04466574
0.04274535
0.04947919
0.04487940
0.08290638
0.07598272
0.04243775
0.04131250
0.04997443
0.05742474
0.06104636
0.05126692
0.04580159
0.05098620
0.06625645
0.05085771
0.04593945
0.05488016
0.04385268
0.05759003
0.05260639
0.04955996
0.04367866
0.08204762
0.04462277
0.05096649
0.04897765
0.05057171
0.04602445
0.04887792
0.05152870
0.04826044
0.04294442
0.04094711
0.06234227
0.07403526
0.04193882
0.04289934
0.05348188
0.04134280
0.04122870
0.05968118
0.04557500
0.04674956
0.04385003
0.04100547
0.04273432
0.05293396
0.04258960
0.05508780
0.04276159
0.04585064
0.04635115
0.04986191
0.05759036
0.04998324
0.07062496
0.07152438
0.04140905
0.05086816
0.04164156
0.05092523
0.06818000
0.04879278
0.04559068
0.04072240
0.05470206
0.04659466
0.04029185
0.06550661
0.05611038
0.04375236
0.04558156
0.06546688
0.04237151
0.06015118
0.04223686
0.05092002
0.06165890
0.08229963
0.04171167
0.05707526
0.04237633
0.08250711
0.04086436
0.05658765
0.04299947
0.04869939
0.04904554
0.04668239
0.04905587
0.04253820
0.04927953
0.04344801
0.04139520
0.04636587
0.06728381
0.04985515
0.04148511
0.04123768
0.04008057
0.05016707
0.07946673
0.04036528
0.05447984
0.05970542
0.04368197
0.04877227
0.07692517
0.04275252
0.05232487
0.06795851
0.04250752
0.04009046
0.04014153
0.05971611
0.06271459
0.06727170
0.06404140
0.04771803
0.05194716
0.08229340
0.07035521
0.04730026
0.06360922
0.04980645
0.06147138
0.08011489
0.04294910
0.04144432
0.05309263
0.07859127
0.04780447
0.08708007
0.06836609
0.05157318
0.08878835
0.05074700
0.04737795
0.05010485
0.05173895
0.04203563
0.05716091
0.06516981
0.06746673
0.06366988
0.04834437
0.07856436
0.05717381
0.04719237
0.04185527
0.09592315
0.05301054
0.04511917
0.04017082
0.04407455
0.04788141
0.05626508
0.06577566
0.04552544
0.04374471
0.04888378
0.05104728
0.04640851
0.07900305
0.05899131
0.04762898
0.06165639
0.09715503
0.04780913
0.05962153
0.04344344
0.04489596
0.04107774
0.05695768
0.04260104
0.04754736
0.04265002
0.04117903
0.05874776
0.06253783
0.04229061
0.04155480
0.04454493
0.05406573
0.06801448
0.04892813
0.05978342
0.04174400
0.04948484
0.05191978
0.04781943
0.04428930
0.06243041
0.06495253
0.04094782
0.04017257
0.04497901
0.04004813
0.04379629
0.07274210
0.05316455
0.04130103
0.04213200
0.07439964
0.08661336
0.04814495
0.04205740
0.05558710
0.06121166
0.06390548
0.08608550
0.06467533
0.05304032
0.04904792
0.04477733
0.04128813
0.04717448
0.06323798
0.05408905
0.05462548
0.07532499
0.04609547
0.07196358
0.04294430
0.06860440
0.04305844
0.06052599
0.06702868
0.05388878
0.04684492
0.04039772
0.04657906
0.04395543
0.06648279
0.04517162
0.05020314
0.04560114
0.05220864
0.04355479
0.05935252
0.04029233
0.07023981
0.04336617
0.04294919
0.07902552
0.04796197
0.09017343
0.06465773
0.05693940
0.04888912
0.04418465
0.04100250
0.04840102
0.04994435
0.09835228
0.04017618
0.08179376
0.05404372
0.04628816
0.04019335
0.05828412
0.06183105
0.04707609
0.07613027
0.06341805
0.04304882
0.06398657
0.08534400
0.07409565
0.05772358
0.06831335
0.04114722
0.06284151
0.04299453
0.04624264
0.04560659
0.04061832
0.04143766
0.05301043
0.04590021
0.05105093
0.07844665
0.04325779
0.07245252
0.04907568
0.04305360
0.06385278
0.04111994
0.04439951
0.04912225
0.04760433
0.08175395
0.04627276
0.07009169
0.04032738
0.04706946
0.06967347
0.04822394
0.04122183
0.05918376
0.04843264
0.04525582
0.05842210
0.04939485
0.04275133
0.05129089
0.04677712
0.04756753
0.05384474
0.04500380
0.06617457
0.05258341
0.04142090
0.04986416
0.05678994
0.04550063
0.09288670
0.04063364
0.06059349
0.04886615
0.08628335
0.04030386
0.06582192
0.07208340
0.04612008
0.04135883
0.07719412
0.05501076
0.05785501
0.04387515
0.04371639
0.07942437
0.06422170
0.05849620
0.06909619
0.06063794
0.04027800
0.06446456
0.04935513
0.06338459
0.07206999
0.05253200
0.07083279
0.05004757
0.05006619
0.04909459
0.06063286
0.04489474
0.06396240
0.07943530
0.08758031
0.05104632
0.04772987
0.04878221
0.06301544
0.04772569
0.04524960
0.05077958
0.05824168
0.05252278
0.05034043
0.04127574
0.05513669
0.05390682
0.06119919
0.06653940
0.04010227
0.05458855
0.04533344
0.05013409
0.08293058
0.04636835
0.07330355
0.07301068
0.05438427
0.06514421
0.04185199
0.04342681
0.04602296
0.06711955
0.07053854
0.04465012
0.05430861
0.07172318
0.05221348
0.04677538
0.04657050
0.06434957
0.05190791
0.04908962
0.05087558
0.04149533
0.05922932
0.04568934
0.04806721
0.04945891
0.05529519
0.06210282
0.06397120
0.04051816
0.05235231
0.06149029
0.06150034
0.05875652
0.04694964
0.04400067
0.05527894
0.06216667
0.04594460
0.04889324
0.04736595
0.04237949
0.06596280
0.05552837
0.05036288
0.07830129
0.04637645
0.04380414
0.07199631
0.06870539
0.04396480
0.05199049
0.04667928
0.05079020
0.04906194
0.04055302
0.05364668
0.04059215
0.04018099
0.05414031
0.04310308
0.07136228
0.05136629
0.06596534
0.06438245
0.04564948
0.05393667
0.04433162
0.06915658
0.04686761
0.06055085
0.04697604
0.04920083
0.04209063
0.06046140
0.05248703
0.04788511
0.04914832
0.05828023
0.07065965
0.04884243
0.05372175
0.05329802
0.04268997
0.04343880
0.06188810
0.04001518
0.05386857
0.05268018
0.04731667
0.05147352
0.06812309
0.05684948
0.05733412
0.04248124
0.04668908
0.04565799
0.04034964
0.05630673
0.04337399
0.04835078
0.05377876
0.04292391
0.04199811
0.05151717
0.04085916
0.06060366
0.05781264
0.04947088
0.04556925
0.09511024
0.05607115
0.04580624
0.04532490
0.04830639
0.07572610
0.04207657
0.04882287
0.05011029
0.07302423
0.04153360
0.04951598
0.04570548
0.09031176
0.04826691
0.04095830
0.05879068
0.06067306
0.04544202
0.04047046
0.05386063
0.05056524
0.06108589
0.05128408
0.04244196
0.06620088
0.04327439
0.04341085
0.04188864
0.04942406
0.08151553
0.07256630
0.09519674
0.06052419
0.04195706
0.04080762
0.05732242
0.05091608
0.05452009
0.05872515
0.05104934
0.04847557
0.06218894
0.04181339
0.06848709
0.09108211
0.06598551
0.05035411
0.04548058
0.06804182
0.04093100
0.05677908
0.06879653
0.05824021
0.04338451
0.04234295
0.04804299
0.07531822
0.04890961
0.06573216
0.04377578
0.04100528
0.04717839
0.05078816
0.04012494
0.05951579
0.04237005
0.05897401
0.05743846
0.05225075
0.05199428
0.05976508
0.04085579
0.04932445
0.04395253
0.06727950
0.04646736
0.05385386
0.05001239
0.06865847
0.04389499
0.04769107
0.05006435
0.07342011
0.05085444
0.04049738
0.08431385
0.04618542
0.05131313
0.06728375
0.04836080
0.05039005
0.04571325
0.04469205
0.05136895
0.05512769
0.04209251
0.05568430
0.05115372
0.04439277
0.09916742
0.07339792
0.05023996
0.05320901
0.06436323
0.04034427
0.04004102
0.04125848
0.04823985
0.05236705
0.04072881
0.04434335
0.04346517
0.05635977
0.05921102
0.04591811
0.04503803
0.06784931
0.05555059
0.06139749
0.05682132
0.06912269
0.04566463
0.05024643
0.05407934
0.04519272
0.04885238
0.04435547
0.05381523
0.04672232
0.05470999
0.08404518
0.06323687
0.04586366
0.04570277
0.04192516
0.06450097
0.04203345
0.05408930
0.04308872
0.04010696
0.07571581
0.05248954
0.04154032
0.04245453
0.05377946
0.09161500
0.04614751
0.04423307
0.04988123
0.04932551
0.04051410
0.05247680
0.04703590
0.04237143
0.05976798
0.06625223
0.07126308
0.04001824
0.04169418
0.04119329
0.04012505
0.04410115
0.08872561
0.04592665
0.04173584
0.05447431
0.05497952
0.05709314
0.04414302
0.07564151
0.05318953
0.07343582
0.06337980
0.04224293
0.05351180
0.07633991
0.05821398
0.04916260
0.04312025
0.04055507
0.06986147
0.04016880
0.04668219
0.06570449
0.06695038
0.05039978
0.04964254
0.07922509
0.06952483
0.04870695
0.05287119
0.04635202
0.06117186
0.09586955
0.05338877
0.05669166
0.06896531
0.06065623
0.04659782
0.04559600
0.05778133
0.04587890
0.04639635
0.04103939
0.04640129
0.04182613
0.05960252
0.06501410
0.07566102
0.04870756
0.04536507
0.08402953
0.04522818
0.04969827
0.05825330
0.06754808
0.04366872
0.04779065
0.08416452
0.06116138
0.07104932
0.08224717
0.05574084
0.07218296
0.06371179
0.04803372
0.07655678
0.05339255
0.04654832
0.04185569
0.07615013
0.05289529
0.04414452
0.04435260
0.04160506
0.05174835
0.04312167
0.04460344
0.07639574
0.05462337
0.04230667
0.05202387
0.09276025
0.05417461
0.06786377
0.07027366
0.06679107
0.05246232
0.04504211
0.04463116
0.04864241
0.06040142
0.05824397
0.05660489
0.06412072
0.06176417
0.04531434
0.06356475
0.05339232
0.04812135
0.06049220
0.05556173
0.05084074
0.05427139
0.05884498
0.05055905
0.04253485
0.07266580
0.07382751
0.06614843
0.06078472
0.04537838
0.04115322
0.04033499
0.04961881
0.04220560
0.08323783
0.05408663
0.04159303
0.04227562
0.05171571
0.04699273
0.05452224
0.05317292
0.06325335
0.06280126
0.06642743
0.06329396
0.04137710
0.08084031
0.04175305
0.05504983
0.04838974
0.05259474
0.05673050
0.04410876
0.04068887
0.05781010
0.09347700
0.04593660
0.04501404
0.04169347
0.04742225
0.04589633
0.05304774
0.04557171
0.05300843
0.06778901
0.05057342
0.06771138
0.07256655
0.04525246
0.04461509
0.04374876
0.05640916
0.05091941
0.05648175
0.05469902
0.04751803
0.07739234
0.05065525
0.05466866
0.06148157
0.04805725
0.05399400
0.07642530
0.04638845
0.05509953
0.04047483
0.04274975
0.06663915
0.05155719
0.05809131
0.04617209
0.07533573
0.05236668
0.07528763
0.04655777
0.09189256
0.05589568
0.04774834
0.04795335
0.04588627
0.05836605
0.04256478
0.04161337
0.09556013
0.05161938
0.05274776
0.06098115
0.04499703
0.05217905
0.05917303
0.07204680
0.04675812
0.08737004
0.04744857
0.04059846
0.04430494
0.04797758
0.04197886
0.04497272
0.07061986
0.04978863
0.05906287
0.04869632
0.07251612
0.05934633
0.04524136
0.04018926
0.04285052
0.04897110
0.04174744
0.04385776
0.04024511
0.06256856
0.06473008
0.04232382
0.05373112
0.06148213
0.05636009
0.04713560
0.05068854
0.09408903
0.08696479
0.06405998
0.07173276
0.08724717
0.05687058
0.05331726
0.06802144
0.06661802
0.07120872
0.04852628
0.04226655
0.04192681
0.05838945
0.07566330
0.04473866
0.04317029
0.08218984
0.09428593
0.04797804
0.04082478
0.05890608
0.06422640
0.05890875
0.04622776
0.06321492
0.04437386
0.05862190
0.06254941
0.04096230
0.04078971
0.06746516
0.05347112
0.05427524
0.04453468
0.04030213
0.04151163
0.04008187
0.06183147
0.04898047
0.05401131
0.06084453
0.08930477
0.05024076
0.06252029
0.08907281
0.05200063
0.04559490
0.05587615
0.05633183
0.06677223
0.04475388
0.06597159
0.05228387
0.05273959
0.04051857
0.04457831
0.07498195
0.05816278
0.04536934
0.04047893
0.06076363
0.04828517
0.04907616
0.05563470
0.09252781
0.05693840
0.04121604
0.04006793
0.04214479
0.04335040
0.04700455
0.08850117
0.06270065
0.06888247
0.05472728
0.07003195
0.04861894
0.05482467
0.05815149
0.04262278
0.04645830
0.04981412
0.04517272
0.04875827
0.07775476
0.04599073
0.04893928
0.05616958
0.07121869
0.04136378
0.05386240
0.04878215
0.05554501
0.05554356
0.04382613
0.05620528
0.07689439
0.07496042
0.07445488
0.05229895
0.04191259
0.04444921
0.04630957
0.06460114
0.04815484
0.04420691
0.05032522
0.04378284
0.04005765
0.04295165
0.05138349
0.07236880
0.04582838
0.06117621
0.05309170
0.04322768
0.06624898
0.07308094
0.04193122
0.05178091
0.05673464
0.05595456
0.06907640
0.04267069
0.06513539
0.04747624
0.05319898
0.05355749
0.05383363
0.05862675
0.06216421
0.05814850
0.04070308
0.04494287
0.06137043
0.04457313
0.07886980
0.09533622
0.04457105
0.04298538
0.05226443
0.07046923
0.08366412
0.04196885
0.06402764
0.05750890
0.04738410
0.06713412
0.04016198
0.04658721
0.04315506
0.05184959
0.05062140
0.04992423
0.04780687
0.06847594
0.04213771
0.04483935
0.04963068
0.05488459
0.04002791
0.07967024
0.05370453
0.04622985
0.04450012
0.04815808
0.05093922
0.04532964
0.05740694
0.04549695
0.08218816
0.04238628
0.06379879
0.04455661
0.05451661
0.05134619
0.04936015
0.04026495
0.04553147
0.06101761
0.04207197
0.04027959
0.05966937
0.04979826
0.04231236
0.04854710
0.08325475
0.07229342
0.04694573
0.04440279
0.04052430
0.04047724
0.05304121
0.05665308
0.05517913
0.04420916
0.09579586
0.09234791
0.08017821
0.05310036
0.08535745
0.06745381
0.07111837
0.04465771
0.04312117
0.05410218
0.04708939
0.05262619
0.07331090
0.06684635
0.08829638
0.05201788
0.06282550
0.04959678
0.04032609
0.05409159
0.04975817
0.04573338
0.05347081
0.05914956
0.04091185
0.04865782
0.04222815
0.05778962
0.05985398
0.04296647
0.06116136
0.04945343
0.04014922
0.04168053
0.07594389
0.07883741
0.04439719
0.05811415
0.07928280
0.06084111
0.06493598
0.06392672
0.08309567
0.04660070
0.05327410
0.07017084
0.08129872
0.04387639
0.05207621
0.08479013
0.05769522
0.07338147
0.04369253
0.05067839
0.05462408
0.04059413
0.07880728
0.05068722
0.07038785
0.04021894
0.05454646
0.04133724
0.04340760
0.04471886
0.04712207
0.04474313
0.06779920
0.04924535
0.04433156
0.08212553
0.04297861
0.06511113
0.04798416
0.05203955
0.04738770
0.04012494
0.04271907
0.04108578
0.08543459
0.04294026
0.06319746
0.04506675
0.04382637
0.04591321
0.04499789
0.06876174
0.05544996
0.04872595
0.09443711
0.07792811
0.05589403
0.05108991
0.04006029
0.05360619
0.04306427
0.05472021
0.06311095
0.06795089
0.05218818
0.07060929
0.08111611
0.05789102
0.04979228
0.05674571
0.04686508
0.09126075
0.05495545
0.04475544
0.05552454
0.05870405
0.04184214
0.05675141
0.08357001
0.04302551
0.05678699
0.06582833
0.07582896
0.04892155
0.04363704
0.04098635
0.06569636
0.04139536
0.06211410
0.04727381
0.05330024
0.04793270
0.05034448
0.07377342
0.07383960
0.04027355
0.07326636
0.09062023
0.05815037
0.04264990
0.04797298
0.05960525
0.05313805
0.04736296
0.06410532
0.04333720
0.06185728
0.04747141
0.04635009
0.04998182
0.09501693
0.05110279
0.04528680
0.04168904
0.06474511
0.07798027
0.04229341
0.05042211
0.05108758
0.04267389
0.09385379
0.06248903
0.04941787
0.07167074
0.04448919
0.04656833
0.08073798
0.04540832
0.06598560
0.06041381
0.06144280
0.07372213
0.05596858
0.05824316
0.04541381
0.04870461
0.04400353
0.04796435
0.04842125
0.07598155
0.04405454
0.05709894
0.05785893
0.04109872
0.07352811
0.04868507
0.04602449
0.05898030
0.05387360
0.06199226
0.04483668
0.06909369
0.05101098
0.04805074
0.04600690
0.04421527
0.04081548
0.05685323
0.05362324
0.05027577
0.04457963
0.05560777
0.05914712
0.07222935
0.04023627
0.05665410
0.04322630
0.04074620
0.07318323
0.05238301
0.04836641
0.05893688
0.09846137
0.05941886
0.05928377
0.04598384
0.08129174
0.04434775
0.05136820
0.04136044
0.04174251
0.05122223
0.07321274
0.06710110
0.04365703
0.06221917
0.04339926
0.04426622
0.05629814
0.06656849
0.04421618
0.04965277
0.05334262
0.05533726
0.09230080
0.04390303
0.04421307
0.04399641
0.05445370
0.05002255
0.05359747
0.07181503
0.05149287
0.08349622
0.04817958
0.05169451
0.05314326
0.04502546
0.04920892
0.04317473
0.05509189
0.04342779
0.05497269
0.04552886
0.08385414
0.04312570
0.05522033
0.06060811
0.04660928
0.05477254
0.04591778
0.06516383
0.04937563
0.05324001
0.05833958
0.04625592
0.05427569
0.04987125
0.04205078
0.04627092
0.04645303
0.06269623
0.08463381
0.05718743
0.05363330
0.04915897
0.06969386
0.05945664
0.05157139
0.04160755
0.04035573
0.04188744
0.06392517
0.06186536
0.04999659
0.04163319
0.05264527
0.05395157
0.06299788
0.05351863
0.05301009
0.05631072
0.05681029
0.05058687
0.05198899
0.04377174
0.04178220
0.04277242
0.04241499
0.05122852
0.06861104
0.09825541
0.05758860
0.04191535
0.05921905
0.06640117
0.05930860
0.04157357
0.04650328
0.05568438
0.04249193
0.04746454
0.04260623
0.04225076
0.04421523
0.04400246
0.04193443
0.06266227
0.04695309
0.05615391
0.04588319
0.04645931
0.04195616
0.04465106
0.06180150
0.05489980
0.04602779
0.04748684
0.05044205
0.06356535
0.06567980
0.05362453
0.07406447
0.04307845
0.06190844
0.05550267
0.06377940
0.04483506
0.04627986
0.05041795
0.08218178
0.06418761
0.04869161
0.06907899
0.04611993
0.05672602
0.07884977
0.04193273
0.06216473
0.04014946
0.05600319
0.04909448
0.04147432
0.05796347
0.05411755
0.05227402
0.05236576
0.07143039
0.06338664
0.04742988
0.05772102
0.04098321
0.04627508
0.07109476
0.04570902
0.04500213
0.05217339
0.06719031
0.08918290
0.04828515
0.09924579
0.04557419
0.04333993
0.06132248
0.05482817
0.05447136
0.04197598
0.04633388
0.07508457
0.04603366
0.04896424
0.06089744
0.05136162
0.04003430
0.04871331
0.06750489
0.05936842
0.06242801
0.04667777
0.04104825
0.05101615
0.06116186
0.04915127
0.04828001
0.05681374
0.04966822
0.05509462
0.05914949
0.04052155
0.07326741
0.06480334
0.04399467
0.05020019
0.06888434
0.04053347
0.04773646
0.04150808
0.04281778
0.04071834
0.04841093
0.04871910
0.06220440
0.04139904
0.04986532
0.04718723
0.05436154
0.04119853
0.05988866
0.04149532
0.07802872
0.05455527
0.05798406
0.04235223
0.04389219
0.04332677
0.05088871
0.06425828
0.05657810
0.04231330
0.07187154
0.05461616
0.09325935
0.09062224
0.05209556
0.04091953
0.04331347
0.05897892
0.06868469
0.05037102
0.05742270
0.04712021
0.04240713
0.04313732
0.06966135
0.05918952
0.06212025
0.04481987
0.09683312
0.06076144
0.06048780
0.05229852
0.06074262
0.08264392
0.05345133
0.04630574
0.05654154
0.05075115
0.05060628
0.04845850
0.05053182
0.04211747
0.04767907
0.05369586
0.04069863
0.05185874
0.04701942
0.09379107
0.04224807
0.04140362
0.06147370
0.06084370
0.04563970
0.05962226
0.04551230
0.04007039
0.04245923
0.08309358
0.04668848
0.05865058
0.04389076
0.04525615
0.04503570
0.05213325
0.04049056
0.04112509
0.04997421
0.06752494
0.07494529
0.04624333
0.04211475
0.04173677
0.06172721
0.08705164
0.07247212
0.04071919
0.04515564
0.05733903
0.06690930
0.08451152
0.06458499
0.04434038
0.06755138
0.07070293
0.06165930
0.04365369
0.04486505
0.04620326
0.04521646
0.06527755
0.04797079
0.06489604
0.04127604
0.04139894
0.06287073
0.04826696
0.04603551
0.05260505
0.05666320
0.05964427
0.05172995
0.04099963
0.04234249
0.04677032
0.05898377
0.06650701
0.04296287
0.06128325
0.07943212
0.05511447
0.08808701
0.08991148
0.07447713
0.04269817
0.05705796
0.05075778
0.04059949
0.04201067
0.06071347
0.04671268
0.09206879
0.04105388
0.04304392
0.05026758
0.04001542
0.04185895
0.04098966
0.05395110
0.04283355
0.06585212
0.04175470
0.05436274
0.06079290
0.04279824
0.05599018
0.08604508
0.04273639
0.05377359
0.07808435
0.04416108
0.04324933
0.04057814
0.04942910
0.04034643
0.06208858
0.04243070
0.04838075
0.04374155
0.04227708
0.05954406
0.04445856
0.04021672
0.06267552
0.06385234
0.04535599
0.07499617
0.06158750
0.06783281
0.04408957
0.05336508
0.05637511
0.06245103
0.04116439
0.04147680
0.05177885
0.04333323
0.04336130
0.05810459
0.05669173
0.04459055
0.05284513
0.04223933
0.06166267
0.05793845
0.05106315
0.04284788
0.07260546
0.04795430
0.04269723
0.05768200
0.04498678
0.07563599
0.04502970
0.04053437
0.06743334
0.04999852
0.05619162
0.04328881
0.07372400
0.05455892
0.06945296
0.04339377
0.08047151
0.04418532
0.04336065
0.05409636
0.05250050
0.04457502
0.04012996
0.04051550
0.06433045
0.04058169
0.04551808
0.07127637
0.04064343
0.05768326
0.05952752
0.05549115
0.05365576
0.04510462
0.06501603
0.05119639
0.04118981
0.04140423
0.05301179
0.05176348
0.06073043
0.06680750
0.04094386
0.05538697
0.05704445
0.04438331
0.04564929
0.05836363
0.04451234
0.04311494
0.05685909
0.04618874
0.04848630
0.06435296
0.05257699
0.04517452
0.04187955
0.04415515
0.05889699
0.04870137
0.08640215
0.05414815
0.05044152
0.04313936
0.05206506
0.04353653
0.05887421
0.04388856
0.05459645
0.05897247
0.09218656
0.04254735
0.08337536
0.04265320
0.04403512
0.04495023
0.06232208
0.05797433
0.05128384
0.04023192
0.04704327
0.06074961
0.05082952
0.05151794
0.06224322
0.04722975
0.04159399
0.05384095
0.05736084
0.05218520
0.04844278
0.04122366
0.05308664
0.04776648
0.04194919
0.07661375
0.04260247
0.06798187
0.07068627
0.04601289
0.05270024
0.05519456
0.04350129
0.04309725
0.04271566
0.05050535
0.08881341
0.04587244
0.04065037
0.04254203
0.04829283
0.08603276
0.04039723
0.06170444
0.05048191
0.07366327
0.05305636
0.04771651
0.09681956
0.08880274
0.05390971
0.04340171
0.04604186
0.08095069
0.04518228
0.05476641
0.04537117
0.05829495
0.05048247
0.07813226
0.08741485
0.04204747
0.04439309
0.05637597
0.04660751
0.06046477
0.04298709
0.05677288
0.04007518
0.05262786
0.07122111
0.04694339
0.04395597
0.07856081
0.05503967
0.06437046
0.04647727
0.04775931
0.04850488
0.04436560
0.07546362
0.04769334
0.05102059
0.04133440
0.04492602
0.05180278
0.04085322
0.06680488
0.06482603
0.04424575
0.08914446
0.04416139
0.04046452
0.05084186
0.04462852
0.05087576
0.05722480
0.07161982
0.04108033
0.04239723
0.06225029
0.04023220
0.04408595
0.05384132
0.04196528
0.05818695
0.04560194
0.04832743
0.05532032
0.07769468
0.05492677
0.05542108
0.04306320
0.05357732
0.05455370
0.04678858
0.04714851
0.09056147
0.05844773
0.04027728
0.04374898
0.06042033
0.07177229
0.06683206
0.05331594
0.09591912
0.05212068
0.04257487
0.06150645
0.06098134
0.05430791
0.05147546
0.04860392
0.04802032
0.06812452
0.04838528
0.04625138
0.04378004
0.05707786
0.07129058
0.06498942
0.04658660
0.04187075
0.04660745
0.06466569
0.06827906
0.06020148
0.05171980
0.04822646
0.04910546
0.05620389
0.06787923
0.05457604
0.05393800
0.04798695
0.06263442
0.06031212
0.04872194
0.05776255
0.04567151
0.05688692
0.05465533
0.06073423
0.06973099
0.07225275
0.06278068
0.05289404
0.07781025
0.05232080
0.05352335
0.07913912
0.07221242
0.04433369
0.04365454
0.05423589
0.04722210
0.04201043
0.04673820
0.05200282
0.04675454
0.08457156
0.06078006
0.04856046
0.04480981
0.05472187
0.05705165
0.04178145
0.04624045
0.05134583
0.06049431
0.04761960
0.04058519
0.05649667
0.04701429
0.04277104
0.04535319
0.04783340
0.05685882
0.06711863
0.04339517
0.04424732
0.05901676
0.05483277
0.04848728
0.04252554
0.06661888
0.08450617
0.05113999
0.04817819
0.05463046
0.05747080
0.07968781
0.06324045
0.04415028
0.04664912
0.06061430
0.05529152
0.04158682
0.04853076
0.04239169
0.05439726
0.07198369
0.04546372
0.04316971
0.04154220
0.04201470
0.05271391
0.07999267
0.04359251
0.04754305
0.05641012
0.04711190
0.05774576
0.04444800
0.04478619
0.04455755
0.04955946
0.04621214
0.04701728
0.06739382
0.04214118
0.05314845
0.04125963
0.04962171
0.05140666
0.07425798
0.06527811
0.04879539
0.04357654
0.05122131
0.04261954
0.07045055
0.07157565
0.05829152
0.05367261
0.05577866
0.05040033
0.04579753
0.06214086
0.04317117
0.04505291
0.06434455
0.05083446
0.04298438
0.04378902
0.06635024
0.04598114
0.06685487
0.05165808
0.06998381
0.04255058
0.08052952
0.04416650
0.04870357
0.06088320
0.04206315
0.04118517
0.04925487
0.04574402
0.07249802
0.07201008
0.05360879
0.06368146
0.09170268
0.04043506
0.06114564
0.04591509
0.07410618
0.04315720
0.05734941
0.04510325
0.04743320
0.04446911
0.05419739
0.07074343
0.05585517
0.05716738
0.04617358
0.04536791
0.04368425
0.06070965
0.05552137
0.08809454
0.04064887
0.04843911
0.05868328
0.04875349
0.06923098
0.04660355
0.05266182
0.07384567
0.06365610
0.04147650
0.05303627
0.04200752
0.04632950
0.05085603
0.04876352
0.04072639
0.04211207
0.08452853
0.05892752
0.04158416
0.06814252
0.05171595
0.04456591
0.05483347
0.06139450
0.04528844
0.04288079
0.04257583
0.04720052
0.04048812
0.07605010
0.07875877
0.05137362
0.04375019
0.04395652
0.04233080
0.04079788
0.04356722
0.04459641
0.05009121
0.06888390
0.05175596
0.08482335
0.06097914
0.05070085
0.06848542
0.06587495
0.04456670
0.06039853
0.04218355
0.05448334
0.05892134
0.04693995
0.04786479
0.04397109
0.04392306
0.08568588
0.04768001
0.04007228
0.07265453
0.04546232
0.05448475
0.04025585
0.04639288
0.04584706
0.04795803
0.06180847
0.04214006
0.07288911
0.06887477
0.05063985
0.04926060
0.04733973
0.05709905
0.06890098
0.04475250
0.04725933
0.05569637
0.04448535
0.05346605
0.04114265
0.04396007
0.07606395
0.04704431
0.05398149
0.04535743
0.04273061
0.05259186
0.04675325
0.06513348
0.06238049
0.07044456
0.04750951
0.05050612
0.04882634
0.04862007
0.06164686
0.04933104
0.05060423
0.05688610
0.05862458
0.04765629
0.04048647
0.04789317
0.04579151
0.04819069
0.05759287
0.04105386
0.05340744
0.06437108
0.04957059
0.05218791
0.05466226
0.05286930
0.09509085
0.04531572
0.04725810
0.07269277
0.06333292
0.04077686
0.05908062
0.04504901
0.06500083
0.08523177
0.05685481
0.05036188
0.06338812
0.05930766
0.05464555
0.04351982
0.04058929
0.05310703
0.04438252
0.08772372
0.06360324
0.04531494
0.07288719
0.04119374
0.05762112
0.05577778
0.04198391
0.04390116
0.04182910
0.07649031
0.04864623
0.05513884
0.06173314
0.04927867
0.05528129
0.07065969
0.06168040
0.04006329
0.06115232
0.07241594
0.04405617
0.05944129
0.04219114
0.04220306
0.07104314
0.04201782
0.04503656
0.04793787
0.06572027
0.06148441
0.04754517
0.04969681
0.04449974
0.04735677
0.04761815
0.05642279
0.04390602
0.05554421
0.06052539
0.04886229
0.04467088
0.05179326
0.05465013
0.05897053
0.06656241
0.04122541
0.05771391
0.08675691
0.04976063
0.07121759
0.06282299
0.04085987
0.04496247
0.05990481
0.04094421
0.07250829
0.05142247
0.07483211
0.04595441
0.09660901
0.07737410
0.04248281
0.04040424
0.04792492
0.05343419
0.07255235
0.04539251
0.06137731
0.07302013
0.05185287
0.05674642
0.04410614
0.05432996
0.04519897
0.09166751
0.04816906
0.04367700
0.04699903
0.07687514
0.04176461
0.05836109
0.04035987
0.08311937
0.04482899
0.04651705
0.04381995
0.09413734
0.07513136
0.05413667
0.04878069
0.04255983
0.05806091
0.04230156
0.04883778
0.04134856
0.05227155
0.07082946
0.05927640
0.04551431
0.08086161
0.04211327
0.06181546
0.06656265
0.04140573
0.04333867
0.06380450
0.04788111
0.08291704
0.04771443
0.04978129
0.06205414
0.08159637
0.04936847
0.04212521
0.05515942
0.04928743
0.04401699
0.04464663
0.04594155
0.06572912
0.05138690
0.06492602
0.07027044
0.07951408
0.07118737
0.04219639
0.04067431
0.08803075
0.05865914
0.04653535
0.07153825
0.04540725
0.04169068
0.04280354
0.06430273
0.05497530
0.07616677
0.07104664
0.07105445
0.05393183
0.05520011
0.04452065
0.06095589
0.06178800
0.05066017
0.05017492
0.04681000
0.06076120
0.06860514
0.04433148
0.04622504
0.04649867
0.04270925
0.04845871
0.06786419
0.05048762
0.04063483
0.05283386
0.04864742
0.06342356
0.04783696
0.04132033
0.04107953
0.05267406
0.04846643
0.08487532
0.04731786
0.05910525
0.04393670
0.07345694
0.04303466
0.05893679
0.07052210
0.05111843
0.05458932
0.04359372
0.08007105
0.04295625
0.05312578
0.05888071
0.04085144
0.08113856
0.05962306
0.04994488
0.04927901
0.06711143
0.06418674
0.05673645
0.04102047
0.04654093
0.04497433
0.05535887
0.05069006
0.05650199
0.04573959
0.07403364
0.04034487
0.04061218
0.08507210
0.05176394
0.05066536
0.04463527
0.04071966
0.04791366
0.04587410
0.04384936
0.06547442
0.04441332
0.04461763
0.05930954
0.05009895
0.04226792
0.04910237
0.05085134
0.05574345
0.05687440
0.04628312
0.04798481
0.04113826
0.05543949
0.04286169
0.06076638
0.04565294
0.04061246
0.07834113
0.05526097
0.04279263
0.05333494
0.04804439
0.05388640
0.05574860
0.04360534
0.04459945
0.04128675
0.06985483
0.05141246
0.04803306
0.06187394
0.07255344
0.04380688
0.06175101
0.06771128
0.04044995
0.04103914
0.04208207
0.05860488
0.04645745
0.05148824
0.08781164
0.07766157
0.04086352
0.06410910
0.07186877
0.04122840
0.04142981
0.05222869
0.04299336
0.04836124
0.05073585
0.06583243
0.05836249
0.04607544
0.04326858
0.05318894
0.05375246
0.04215102
0.04833227
0.06535231
0.04139427
0.04085334
0.06255432
0.06051468
0.05091300
0.05294075
0.04210549
0.04409500
0.09837791
0.05594159
0.05930297
0.04706296
0.06642820
0.05059740
0.04250307
0.04381763
0.04792460
0.06544466
0.08655887
0.07386413
0.04327472
0.05994934
0.04062791
0.04525183
0.04346126
0.09599402
0.04404306
0.04752610
0.06162527
0.05475891
0.07111418
0.06164207
0.04198648
0.04131398
0.07470436
0.08090300
0.04327750
0.04013536
0.04196545
0.05866170
0.05443154
0.04485361
0.05576274
0.04981162
0.05188221
0.08161512
0.04045895
0.08834846
0.05847666
0.04712050
0.04845436
0.07332505
0.04546913
0.06024742
0.06052446
0.05248463
0.06805866
0.04140316
0.06292345
0.08050713
0.06225889
0.04834646
0.04201718
0.05245224
0.04097482
0.04563593
0.04316578
0.06039415
0.04715175
0.04093840
0.04003835
0.06392965
0.04685633
0.07603349
0.05967346
0.05373021
0.04195241
0.04258569
0.05322417
0.09382709
0.06277819
0.04412913
0.04424705
0.04791973
0.06484383
0.04177178
0.06328238
0.07423187
0.05354382
0.04345414
0.05014476
0.04383259
0.05014248
0.04273371
0.04297780
0.07115386
0.04375725
0.04613776
0.05847892
0.04254223
0.07301309
0.04060053
0.04501733
0.04824170
0.05197828
0.04398850
0.04117339
0.04127279
0.04822904
0.04872547
0.04263841
0.08635406
0.05241535
0.04556171
0.04640970
0.04993929
0.06414497
0.04841511
0.04442467
0.05271112
0.07659090
0.05066743
0.09015438
0.04020965
0.06125483
0.05350552
0.04106007
0.07114406
0.04514187
0.04730314
0.04323043
0.05685155
0.05713994
0.08198210
0.05037551
0.04428039
0.04667525
0.04421526
0.08016386
0.07466191
0.05542728
0.04524509
0.04839113
0.04467857
0.05957752
0.04618956
0.04285193
0.04196680
0.04646273
0.04031976
0.04011333
0.05219976
0.04201359
0.07857971
0.06059187
0.06463100
0.07934184
0.04635559
0.07184536
0.06658072
0.04175363
0.05113293
0.05768408
0.05134921
0.04028376
0.04324705
0.04417789
0.04049332
0.04990861
0.04127828
0.07078545
0.05101577
0.05132699
0.05238372
0.04325405
0.08905339
0.07516748
0.04059977
0.05134735
0.05602887
0.04538968
0.07391158
0.08276116
0.04542147
0.04101989
0.05044226
0.06248885
0.04485827
0.04012602
0.06975203
0.04373369
0.04267142
0.05411006
0.05441910
0.04181590
0.05226521
0.06296858
0.04196848
0.04083751
0.06189885
0.05442274
0.04453210
0.06977895
0.08879420
0.05895749
0.06356852
0.07186094
0.04055123
0.04485921
0.04355174
0.04670497
0.04072499
0.06128830
0.04304581
0.04030361
0.04663610
0.07040260
0.06031693
0.04723015
0.05670645
0.04702592
0.05158266
0.06689884
0.06108580
0.04935143
0.06280720
0.05498880
0.04085939
0.04083813
0.04092173
0.04096974
0.04206269
0.07366119
0.04306037
0.04914455
0.04713960
0.09449845
0.07618393
0.04272999
0.07263270
0.05735884
0.04045544
0.05042735
0.08266936
0.07397354
0.06325478
0.06166149
0.04683485
0.04324177
0.06371334
0.04016408
0.05421541
0.05750086
0.04679438
0.05193736
0.04053187
0.05219831
0.08818333
0.05032854
0.06333139
0.04963790
0.05135319
0.08809104
0.04866147
0.06541208
0.07556021
0.05300605
0.09106076
0.07058674
0.04965566
0.06041336
0.06662784
0.04340539
0.05110457
0.04410123
0.04815174
0.04972752
0.06151912
0.06682811
0.04158175
0.04090720
0.04557816
0.04156251
0.04622757
0.04672955
0.09022733
0.05617084
0.06096472
0.05036944
0.05123047
0.04049550
0.05736238
0.04191454
0.06738435
0.05591791
0.05789586
0.06379574
0.05915897
0.05625833
0.04354171
0.05612243
0.06470174
0.04233000
0.05024983
0.06317429
0.05079190
0.04982362
0.07131203
0.05326543
0.06546612
0.05823396
0.06465223
0.04266381
0.06091515
0.04735562
0.06265280
0.04646863
0.05703373
0.05858854
0.04229138
0.05331402
0.04094669
0.04598277
0.05924193
0.06634168
0.04287266
0.04030229
0.06161545
0.05711869
0.04907008
0.05648534
0.05749075
0.04574629
0.05057814
0.04609730
0.05067759
0.05727541
0.04024764
0.04858183
0.05964506
0.06551834
0.04165319
0.05153676
0.05244059
0.04334920
0.04918883
0.05170010
0.04177239
0.04122010
0.07137308
0.04183203
0.05586640
0.05211010
0.04554311
0.04435734
0.04554100
0.05813397
0.04442148
0.05204454
0.06937330
0.07072434
0.04637854
0.06462758
0.04769792
0.04094701
0.05969013
0.05358569
0.07277901
0.05193868
0.05135799
0.04037089
0.06786975
0.05122312
0.04275715
0.04962124
0.06522833
0.04463724
0.05425426
0.04364430
0.05426228
0.04236335
0.05111459
0.04205621
0.06864242
0.09679906
0.08811431
0.06545664
0.06659373
0.07353206
0.04539917
0.08023106
0.04144046
0.05259794
0.04197723
0.04602826
0.07778876
0.04419535
0.09428931
0.04798716
0.04219997
0.06184732
0.04923756
0.05499109
0.04489382
0.08623216
0.04319536
0.04650141
0.09032689
0.04420451
0.06797645
0.05258120
0.05820935
0.09096444
0.05360013
0.05319900
0.05227360
0.05237574
0.04426294
0.04632398
0.09484762
0.04839604
0.04105261
0.09383572
0.04808228
0.04296156
0.04877952
0.05949547
0.07707925
0.04572589
0.05325652
0.04322060
0.06525020
0.04801634
0.05214329
0.05283302
0.05473636
0.05018266
0.05498675
0.04917250
0.04275277
0.05211722
0.04413149
0.05129696
0.06217034
0.04222299
0.04619277
0.05238380
0.05736868
0.04569537
0.04150722
0.05018253
0.04046357
0.08958224
0.05301610
0.05383222
0.04568328
0.06965339
0.04195108
0.05480964
0.04027551
0.04151950
0.08016865
0.04624108
0.04356033
0.04019162
0.04906207
0.04975881
0.04449365
0.05051791
0.04498130
0.05293626
0.07619930
0.05550941
0.04826334
0.06061020
0.06030877
0.04827243
0.05380318
0.04888669
0.07098200
0.05383733
0.04015566
0.05208835
0.04086330
0.04927728
0.04956694
0.04607473
0.04215404
0.08307374
0.09744859
0.07661174
0.05207317
0.04305363
0.04639894
0.09259786
0.06137568
0.04457003
0.04128236
0.04157390
0.05936792
0.09796197
0.07332631
0.04002418
0.05175919
0.05776432
0.05241976
0.06177672
0.07917528
0.04152475
0.04243997
0.04185583
0.04765522
0.06072515
0.04754113
0.04332470
0.04464877
0.04251930
0.07500780
0.04239943
0.04068261
0.06355759
0.06179301
0.04826973
0.04502791
0.06722940
0.07269443
0.04478068
0.04637018
0.05705120
0.05579060
0.04867373
0.06868815
0.06147023
0.04384395
0.04265432
0.04429793
0.04865958
0.04005611
0.04054132
0.05087629
0.04057584
0.04000038
0.05010467
0.06434771
0.04483286
0.04206430
0.04122030
0.04147971
0.04764530
0.04821549
0.04065075
0.04131948
0.06775797
0.06985241
0.04312877
0.04032235
0.05059562
0.05497809
0.07599988
0.05363753
0.06450941
0.04110009
0.04438193
0.06296919
0.05416407
0.04550243
0.04342703
0.04455485
0.04831394
0.04296759
0.04428928
0.05292540
0.04262635
0.05041330
0.05683259
0.06832623
0.04180114
0.04405798
0.07002970
0.07119100
0.04670814
0.07812480
0.04348110
0.04926469
0.07639836
0.08338691
0.05340051
0.09854974
0.04495524
0.04115589
0.04802209
0.05432256
0.04443382
0.04256229
0.06291182
0.04890873
0.04645483
0.04063397
0.05116883
0.04875827
0.04086169
0.04533923
0.06368625
0.05247370
0.04634108
0.06082979
0.04955194
0.06747192
0.04051715
0.05547500
0.04491374
0.05160834
0.04435175
0.04356920
0.04199580
0.05273153
0.04357594
0.04848034
0.06428572
0.04380367
0.06129806
0.05576622
0.04256010
0.05015143
0.05084258
0.04036656
0.06172490
0.05239106
0.08388670
0.05134608
0.07645354
0.05163863
0.05864678
0.04817704
0.04416384
0.06422452
0.06218137
0.04316083
0.05982033
0.07187747
0.05193901
0.04989549
0.04168959
0.04195546
0.07537809
0.05436900
0.04326478
0.04143809
0.07148233
0.04396104
0.04662842
0.04291193
0.06723910
0.05785358
0.04114872
0.05044717
0.05375942
0.05070782
0.05190701
0.07819881
0.07774882
0.04875780
0.05814195
0.04022994
0.04110595
0.05116400
0.05274997
0.04886575
0.04263634
0.05128934
0.04517009
0.04064612
0.05139536
0.04295187
0.05277922
0.04841193
0.04500118
0.04818001
0.06321698
0.08577442
0.04805372
0.04942847
0.07040580
0.05447660
0.04853477
0.07186597
0.05236836
0.05932047
0.04538413
0.04202742
0.04123655
0.04937011
0.05306321
0.06152888
