0.02061587
0.03261151
0.03659495
0.05116509
0.00681389
0.02952219
0.01444655
0.02448205
0.01079730
0.01270523
0.02350239
0.02719094
0.01176221
0.01846728
0.01549724
0.01847482
0.00514362
0.05283395
0.02670702
0.04103613
0.03442962
0.03479184
0.00810276
0.01236199
0.01977775
0.01432764
0.02229629
0.05008363
0.04299993
0.05535721
0.00559634
0.02673901
0.01294742
0.02456299
0.01323475
0.02566970
0.05451380
0.02051633
0.03303865
0.01654682
0.01863260
0.04582643
0.01960039
0.03644047
0.02450956
0.03871303
0.02164928
0.03773860
0.00507398
0.04241298
0.01366747
0.00801737
0.04827409
0.01599983
0.01691548
0.01815455
0.03144599
0.00598190
0.01816446
0.00812524
0.03660361
0.05126019
0.02417045
0.01740262
0.02059249
0.01192135
0.04960353
0.03664469
0.01041984
0.04819630
0.04614140
0.00918097
0.01174657
0.00591893
0.04412163
0.01587745
0.01842315
0.02152840
0.05409416
0.00869300
0.01925876
0.01702412
0.02949474
0.02489819
0.02678355
0.00774430
0.02370412
0.01360815
0.02878552
0.02774559
0.00756794
0.03546286
0.03897421
0.01089610
0.01926132
0.02329039
0.02365340
0.01169955
0.02296475
0.03796758
0.01313750
0.01705662
0.02362684
0.01432549
0.00644485
0.01589931
0.02059536
0.04181750
0.04383239
0.05308152
0.01434798
0.00797376
0.01725339
0.00732663
0.02244134
0.02180427
0.01466459
0.01498630
0.03392465
0.02856312
0.03449395
0.02835199
0.01795891
0.02497374
0.01214536
0.01282028
0.01448967
0.01939932
0.02083220
0.01342664
0.00519273
0.03143346
0.05012477
0.02035161
0.01223125
0.02065941
0.01851291
0.00556253
0.02368043
0.03938375
0.00834811
0.01680341
0.02481493
0.01266221
0.03313259
0.01553047
0.01914822
0.02655504
0.03607750
0.02063079
0.05153197
0.02304579
0.04160688
0.00530436
0.03110682
0.02278946
0.02540914
0.01180650
0.00539142
0.00580496
0.01762812
0.02886652
0.02733629
0.00869942
0.02134212
0.01880958
0.02809937
0.04066116
0.01004405
0.03887995
0.03346132
0.01123720
0.03562480
0.00827013
0.04950995
0.05080873
0.02707448
0.02842500
0.04203053
0.00755147
0.03703297
0.00887165
0.02227403
0.03159555
0.00828793
0.00566742
0.00921489
0.02580917
0.02729168
0.01264626
0.05597019
0.03784531
0.05581422
0.03499068
0.00904424
0.02452621
0.04554878
0.00555634
0.00862503
0.01427791
0.01543002
0.02167478
0.03524851
0.03086654
0.00558525
0.02210983
0.01405761
0.02503159
0.01398112
0.00715940
0.01574987
0.02691828
0.02835352
0.02967582
0.03159890
0.01512804
0.01197519
0.00671410
0.01278175
0.02702171
0.02992388
0.00720463
0.05476502
0.01754824
0.03410409
0.02690008
0.03262378
0.02619627
0.03553751
0.04193767
0.00687584
0.01302158
0.01396051
0.01681869
0.00942442
0.05277611
0.02318315
0.02268267
0.02122148
0.01999960
0.01612659
0.01720584
0.04980065
0.01600626
0.02020187
0.03425744
0.04406780
0.02440236
0.02954500
0.03407109
0.01121854
0.05039679
0.02715799
0.04962338
0.00904678
0.00811082
0.02464673
0.02284196
0.04091875
0.00792020
0.04222712
0.01737085
0.05044367
0.00940861
0.02029867
0.01518733
0.02893189
0.02476086
0.01553154
0.01054930
0.03865413
0.02514325
0.05315736
0.01050329
0.05923128
0.00980984
0.03063955
0.01466978
0.03630428
0.02376446
0.00963636
0.02000127
0.03623064
0.02444244
0.02100424
0.02159352
0.03441798
0.03971687
0.01647789
0.01293951
0.00785895
0.04774490
0.01328486
0.02708928
0.02092419
0.01914389
0.03444517
0.03065285
0.03230276
0.00703574
0.01571539
0.03650709
0.02026116
0.00873488
0.02626013
0.03202022
0.02654237
0.01639156
0.01956101
0.05799846
0.05736603
0.01098549
0.03331323
0.02200429
0.02788943
0.01714191
0.01016573
0.02224840
0.02205245
0.01150130
0.04694393
0.01958825
0.02305064
0.02144270
0.03370789
0.02962937
0.02331373
0.01740089
0.01095841
0.02351688
0.02246467
0.01519380
0.04467649
0.04958338
0.04577255
0.02359605
0.05105811
0.04962701
0.01606792
0.02906789
0.01541875
0.04093373
0.00684838
0.02149276
0.01419896
0.03277015
0.02200615
0.01112237
0.00637167
0.01391876
0.02860389
0.00556637
0.02644134
0.00970799
0.02076740
0.03391884
0.01339760
0.01593905
0.00632994
0.01104926
0.01220008
0.00810268
0.00967477
0.01912368
0.00906288
0.03390113
0.01780629
0.00925262
0.04226305
0.03567159
0.03160350
0.01249121
0.01494355
0.02825210
0.02734525
0.03277180
0.02271011
0.05336306
0.00633279
0.01096798
0.01321022
0.03474675
0.01115022
0.03174808
0.04320328
0.00932979
0.03894268
0.02779929
0.01530957
0.01238148
0.03278904
0.05017123
0.02116144
0.03149291
0.01174171
0.02994168
0.02880079
0.01678743
0.00883833
0.00814697
0.00662906
0.03610126
0.01842384
0.01392465
0.01270939
0.02474752
0.01657854
0.00920183
0.02665394
0.04545112
0.01311118
0.02116126
0.04487311
0.02866092
0.05122473
0.02892682
0.01435024
0.00674592
0.01768629
0.01166969
0.02459619
0.00729431
0.01623536
0.02484190
0.00989177
0.03165253
0.02710368
0.05539493
0.02942902
0.01435790
0.00527391
0.00768610
0.02595863
0.02947781
0.02165742
0.03000293
0.01536144
0.02392017
0.02761442
0.02947128
0.02250001
0.01561295
0.00605927
0.04763972
0.04060939
0.00718198
0.01115567
0.03236625
0.01722384
0.02821490
0.01639728
0.01621049
0.01261622
0.01293454
0.03809167
0.05620455
0.03775474
0.03034984
0.02798562
0.01992260
0.03956823
0.02215879
0.03561031
0.02191822
0.01374653
0.00726861
0.01156051
0.00517107
0.03195411
0.04723162
0.01691460
0.01753360
0.00729583
0.00783594
0.03261620
0.01821148
0.02103088
0.01988378
0.01278010
0.02040297
0.01120019
0.01919423
0.03153901
0.00796754
0.02047152
0.02597282
0.03333824
0.01143572
0.03655469
0.00850238
0.01929145
0.01979511
0.02218926
0.03754314
0.03821351
0.04937825
0.02159087
0.00857006
0.01049576
0.01013225
0.02022704
0.00565552
0.01621034
0.01767445
0.02831192
0.02350617
0.00648608
0.03539530
0.01081655
0.02310098
0.03189118
0.01881112
0.04454387
0.01465587
0.02228084
0.02061970
0.00790643
0.01851802
0.01498786
0.05288003
0.01049510
0.01657455
0.01771882
0.00561737
0.01517342
0.01592901
0.02282260
0.03615494
0.00666237
0.02080911
0.00588937
0.04268029
0.03787119
0.04348471
0.03745815
0.05448502
0.02115882
0.03923644
0.01157072
0.02670045
0.02111137
0.01779215
0.01734274
0.04146868
0.01491324
0.01370745
0.03379859
0.00911674
0.00670048
0.02902129
0.01356663
0.02129491
0.00917121
0.04351766
0.05367056
0.04547231
0.01372585
0.01439992
0.01302613
0.01674971
0.01903419
0.00605323
0.05552076
0.02060035
0.04350532
0.00689514
0.02355028
0.02499261
0.00556050
0.03334988
0.03077915
0.02929833
0.02543755
0.01576114
0.02481947
0.03142559
0.03344747
0.02215632
0.02047645
0.01284017
0.02316539
0.01525320
0.01742773
0.03045274
0.00527988
0.05469281
0.04221032
0.01481845
0.05716969
0.01317426
0.03310411
0.01638177
0.05927475
0.01347360
0.02577088
0.02618285
0.02247494
0.03467956
0.02261343
0.01381888
0.02171022
0.01683461
0.01493586
0.01269588
0.02970976
0.00942965
0.02908782
0.01236156
0.04422558
0.00808600
0.00610348
0.02597302
0.04401012
0.03857863
0.02325233
0.01951880
0.02042323
0.02229322
0.02345502
0.00697684
0.00792995
0.00839770
0.02145316
0.02190371
0.02558540
0.00512184
0.02645267
0.01314450
0.01952943
0.01076316
0.01275083
0.03179968
0.00627258
0.00975477
0.04459319
0.02379909
0.01847338
0.01116050
0.03310070
0.03434053
0.02010815
0.02172745
0.00750170
0.05081474
0.02836239
0.00677783
0.03866016
0.04148789
0.03816562
0.01202933
0.01522444
0.02217517
0.02426313
0.02702326
0.03697644
0.00990347
0.01495667
0.02436949
0.03766259
0.03298876
0.03146447
0.01411125
0.00740138
0.02383323
0.04930603
0.00822519
0.03354746
0.00872472
0.05473226
0.00790288
0.02371135
0.01968413
0.01402169
0.04315261
0.02143108
0.03170460
0.03299327
0.00645354
0.00860911
0.03092590
0.01757556
0.02241803
0.03982567
0.00880592
0.00837789
0.00982313
0.03264995
0.02242719
0.04497973
0.04122393
0.01985788
0.04191536
0.01204010
0.01328360
0.00525373
0.02111765
0.01798632
0.04901417
0.04152875
0.01677808
0.00748316
0.01762177
0.02737145
0.03439866
0.01559550
0.05726900
0.02523716
0.01491768
0.00610345
0.02457997
0.01204099
0.01063524
0.01951457
0.02609879
0.03062033
0.02857209
0.02947027
0.04046362
0.03891597
0.01662437
0.03404644
0.01992208
0.04508009
0.00690933
0.05538791
0.05884749
0.02048401
0.02415943
0.02852306
0.03359860
0.02995194
0.04144995
0.02365885
0.01371177
0.01666673
0.01118174
0.02449023
0.02500670
0.01364783
0.01421890
0.04623104
0.03687729
0.02919708
0.03169450
0.02699135
0.04027296
0.05085327
0.01895109
0.02960068
0.01567652
0.03026679
0.00641417
0.01554628
0.03455664
0.01952498
0.02343631
0.01638663
0.00672625
0.01550902
0.05487750
0.00728281
0.04197709
0.03176513
0.01098889
0.04460473
0.00951703
0.03806596
0.01863919
0.05634160
0.03189559
0.01696410
0.01528543
0.04401147
0.02874848
0.01816922
0.01345196
0.00856719
0.02379734
0.01114578
0.01831713
0.03209147
0.04929180
0.04386574
0.01556275
0.00783680
0.02569963
0.01656473
0.00912584
0.03293353
0.00986366
0.01136000
0.01074626
0.02438923
0.03081676
0.01482648
0.04765407
0.03265714
0.04601472
0.02274414
0.01202026
0.04649141
0.01523617
0.00563307
0.02483107
0.01833066
0.03797294
0.01276333
0.02260855
0.01547275
0.03491687
0.05542991
0.02359828
0.05074950
0.01148534
0.02322240
0.04069421
0.01761413
0.01088395
0.02562024
0.02748587
0.03085375
0.01024131
0.03949904
0.02799007
0.01300022
0.00680681
0.00968555
0.01721554
0.02322874
0.01725595
0.04237056
0.02277070
0.02261266
0.01542541
0.02580775
0.01379987
0.03682767
0.02869727
0.02205214
0.03248558
0.01061516
0.02022426
0.02829564
0.05765672
0.04609021
0.01095478
0.02197951
0.02294497
0.01866827
0.03017492
0.04751028
0.01730191
0.00766614
0.01199047
0.01253736
0.02689944
0.05497237
0.01814818
0.00648306
0.01554790
0.02445096
0.03150279
0.03247379
0.04679673
0.00583935
0.05067565
0.02188684
0.05613003
0.00793393
0.01918292
0.01969822
0.02158489
0.01512861
0.02259833
0.03904147
0.03390335
0.02313093
0.02646083
0.05505639
0.01989488
0.01658976
0.01328082
0.03933639
0.01006143
0.02049690
0.00810959
0.02070082
0.01782921
0.01175658
0.01240152
0.02783582
0.01344323
0.03119667
0.00882749
0.02071772
0.01762657
0.05115367
0.04119384
0.00646065
0.03926540
0.04494735
0.01699676
0.00889531
0.04281254
0.00867340
0.03011112
0.02158640
0.01592098
0.04408468
0.01182713
0.00919849
0.02085961
0.01142500
0.02888401
0.03033206
0.01676922
0.03325952
0.01574061
0.02609787
0.01773773
0.00730376
0.03872375
0.03283023
0.03778590
0.02965067
0.04165537
0.00978777
0.03907887
0.01218422
0.02088309
0.03850298
0.03418160
0.02412829
0.05332262
0.01447967
0.02744764
0.01354106
0.00816461
0.04608464
0.05641554
0.03584364
0.02890644
0.01272730
0.04679628
0.01660910
0.02679271
0.01277060
0.03501602
0.00995631
0.00978674
0.03444688
0.02391975
0.00813736
0.00602841
0.04516696
0.02673549
0.01577719
0.02704218
0.02365687
0.01051228
0.01184992
0.00946465
0.03294837
0.02505784
0.00724945
0.02242336
0.01739592
0.02779116
0.02097617
0.01320177
0.00897515
0.00926035
0.02920952
0.03525293
0.01621914
0.02976321
0.02167817
0.03735869
0.03103495
0.01312082
0.01823745
0.00849041
0.01146165
0.02636284
0.02695400
0.01729764
0.01954755
0.01530386
0.04659747
0.01630248
0.00870794
0.00508633
0.03966988
0.00671265
0.00913366
0.01493158
0.03255311
0.01460038
0.03928741
0.01748981
0.04361249
0.01370221
0.03679328
0.02739340
0.04413700
0.01197160
0.02599129
0.01571577
0.02788001
0.01190266
0.04440351
0.03672507
0.02631924
0.02570272
0.02208607
0.01925324
0.04962658
0.03182955
0.01403338
0.01792362
0.00999842
0.01315494
0.04626339
0.02673799
0.01790130
0.04648752
0.01187768
0.03714009
0.03577918
0.02846330
0.05792258
0.02037735
0.00684750
0.03391244
0.02301601
0.04456811
0.04632128
0.04376811
0.05289582
0.04941128
0.00981181
0.02220922
0.02739061
0.04589968
0.01488872
0.04159535
0.02242470
0.01349608
0.02329542
0.00815881
0.05007500
0.00643769
0.02066144
0.03437523
0.01932798
0.03266567
0.04832673
0.01330812
0.01658250
0.00711941
0.02329648
0.04458468
0.01910436
0.01112354
0.03401550
0.05096098
0.04702263
0.00564709
0.04992660
0.00839243
0.01218642
0.05589790
0.03489904
0.01163770
0.01331583
0.01481950
0.02575989
0.02170396
0.01437151
0.02055415
0.02175187
0.02572935
0.00961499
0.01497416
0.03758663
0.02655269
0.02676872
0.01242101
0.03174600
0.01625299
0.01601993
0.03962611
0.02911274
0.01012638
0.05836875
0.04448297
0.00619129
0.00507285
0.03502732
0.01996761
0.01747535
0.01976588
0.04291592
0.01091544
0.03661676
0.00553936
0.01922290
0.00661240
0.03346809
0.04434468
0.02340109
0.01691359
0.01277506
0.00950147
0.01516354
0.02570083
0.02071204
0.03268267
0.02111004
0.00593030
0.02866605
0.03036631
0.01437863
0.02534008
0.01698576
0.05992278
0.04767383
0.00843011
0.00867117
0.04380849
0.03238319
0.02553026
0.02210799
0.02389184
0.00982065
0.04336007
0.01073770
0.02060568
0.01168882
0.01666787
0.04655697
0.01490681
0.01067308
0.01938804
0.01677665
0.00579009
0.02585212
0.03234185
0.01853387
0.01589052
0.02209320
0.04475928
0.01038601
0.02547814
0.00961615
0.00743657
0.03744924
0.03500018
0.02607772
0.03329654
0.03344810
0.01065707
0.01954955
0.00866461
0.02771352
0.00573513
0.02276033
0.01724376
0.02214711
0.01968381
0.03575123
0.05766885
0.02299785
0.01007660
0.03643896
0.02206616
0.00801909
0.03538478
0.04443956
0.05240867
0.04034000
0.03074170
0.01232240
0.01323959
0.00785187
0.01014082
0.01854092
0.01769820
0.01084312
0.05194887
0.01480734
0.04046953
0.00905193
0.01830086
0.04271065
0.02947920
0.03037725
0.03432215
0.02841513
0.03680122
0.00764580
0.02402760
0.02968272
0.05273266
0.04135368
0.02200498
0.01735545
0.04352423
0.01806080
0.03329792
0.03224338
0.02501749
0.01883224
0.02099012
0.04323750
0.03972557
0.01378368
0.00658344
0.03372480
0.01665871
0.00600318
0.02434795
0.01819419
0.01892843
0.02347269
0.01669996
0.01399661
0.03133731
0.03472172
0.05695742
0.01906201
0.05406592
0.00586305
0.04890823
0.00907889
0.01963023
0.01034270
0.01678445
0.00626013
0.04453487
0.01397829
0.01629094
0.01253971
0.05590001
0.00809941
0.02082807
0.01696792
0.03212344
0.00674804
0.03662268
0.02259255
0.00811494
0.03686722
0.03353716
0.02177591
0.00613039
0.01871377
0.04067582
0.04311212
0.04729442
0.02961420
0.02066825
0.01718984
0.04033894
0.05551399
0.04531229
0.01522760
0.04262263
0.01585057
0.00772233
0.01734055
0.01044130
0.04726312
0.00978554
0.00706736
0.02545036
0.01742529
0.03117257
0.04354400
0.03065041
0.05914478
0.03431941
0.04377144
0.00560280
0.01464419
0.03756941
0.00939151
0.01621476
0.01123699
0.02438503
0.02349038
0.02850664
0.01184638
0.00588825
0.03980989
0.01421839
0.00683442
0.00762667
0.01142264
0.03373510
0.02619779
0.00867915
0.02578105
0.01977162
0.01594018
0.05110055
0.00972989
0.01176330
0.03315610
0.02683292
0.05646063
0.02509304
0.01506618
0.02068003
0.03064680
0.02952172
0.04733126
0.03048952
0.02413971
0.01494026
0.00831333
0.03037619
0.02027671
0.01914418
0.01615914
0.00925913
0.02001452
0.01042953
0.00616315
0.02148601
0.02374486
0.00760787
0.00715415
0.01280833
0.02545971
0.01651776
0.01659025
0.00638247
0.01949020
0.01658796
0.04284890
0.01448961
0.01440534
0.00648833
0.01611103
0.00699554
0.01001533
0.03107276
0.02340682
0.01132742
0.02576515
0.02433618
0.02477102
0.04059923
0.02872907
0.00613393
0.03309632
0.02202515
0.01901743
0.01487737
0.03254226
0.00766379
0.05886634
0.05879077
0.04929902
0.02898186
0.01426301
0.01597697
0.03348929
0.01437966
0.00581418
0.01219178
0.01142103
0.01919010
0.02079928
0.02125323
0.01654737
0.01288659
0.04762037
0.02624741
0.02286058
0.02469887
0.05749557
0.03788354
0.02196340
0.01714958
0.03025594
0.02442625
0.01544500
0.01320072
0.04823636
0.03622007
0.00901371
0.01076188
0.02392991
0.02686979
0.01245444
0.01223475
0.05181797
0.03231800
0.03131358
0.04098840
0.01175592
0.02327824
0.05628447
0.01990460
0.04386051
0.01651568
0.01090308
0.05319070
0.00599994
0.01057655
0.01433604
0.01665511
0.02741424
0.02675958
0.00585965
0.02755716
0.01294067
0.00994408
0.03176538
0.01130260
0.01896538
0.00693423
0.01555178
0.00505021
0.01767275
0.00823338
0.00858579
0.00527711
0.02081065
0.03657677
0.02090086
0.01248100
0.04967621
0.00567844
0.05735211
0.00859026
0.01484415
0.05207800
0.05402854
0.02542152
0.02223460
0.01024321
0.03064473
0.03025391
0.01678743
0.01697372
0.01751245
0.03882342
0.02278500
0.02933056
0.04158599
0.03210831
0.05846853
0.03997735
0.02929497
0.02709597
0.03193318
0.00513671
0.01272104
0.02249219
0.04060022
0.03219958
0.04987980
0.02725061
0.01395669
0.02661381
0.01311311
0.00699588
0.03060680
0.02769023
0.05946594
0.02513019
0.01127596
0.01227575
0.02800961
0.01242419
0.01512288
0.02993681
0.00962926
0.01047725
0.03401447
0.00634783
0.01423602
0.01301802
0.00600465
0.02368943
0.00983145
0.05029539
0.04441811
0.01803116
0.00718222
0.01632925
0.02757393
0.04442684
0.03544541
0.00662867
0.05337262
0.02863617
0.00755114
0.05618215
0.02563838
0.01975098
0.01033299
0.01110766
0.01899879
0.00809646
0.00554587
0.01101260
0.01934785
0.03395939
0.01127418
0.01890157
0.02732891
0.04124525
0.02846733
0.00988022
0.00997483
0.00668889
0.02936503
0.03170842
0.02442238
0.01748631
0.05593322
0.04770311
0.04470265
0.03896858
0.01090815
0.02017180
0.01318405
0.01252021
0.03284364
0.00614704
0.02106245
0.00524466
0.01693912
0.01678823
0.02218227
0.00898570
0.03588402
0.02121142
0.01782951
0.02839929
0.02158688
0.03219085
0.01456715
0.02434570
0.00698358
0.03039125
0.02161320
0.05675686
0.00678052
0.03888414
0.03529292
0.02858509
0.01023679
0.00982581
0.00851362
0.02310525
0.02429511
0.05275283
0.05002277
0.01286350
0.02498927
0.03559003
0.01235903
0.02143451
0.01525815
0.01420404
0.01733092
0.04617071
0.01515603
0.03397402
0.01429047
0.00745188
0.01482606
0.04469427
0.03465750
0.01026656
0.03137549
0.01149476
0.03704636
0.04897714
0.02391534
0.03702288
0.04158253
0.01280265
0.01917854
0.02604407
0.03535206
0.02803332
0.02693188
0.01861483
0.02230805
0.02368926
0.02180737
0.02051750
0.03052918
0.00920777
0.00730260
0.00765729
0.00631647
0.02436729
0.00721679
0.01915814
0.02538459
0.00752240
0.01715626
0.04243557
0.00578537
0.01242580
0.03274540
0.01171650
0.03630197
0.02245357
0.03003190
0.00842137
0.00996342
0.00714329
0.02506997
0.01595573
0.04090529
0.02251255
0.02920991
0.04776328
0.01557692
0.02046270
0.00857457
0.03828514
0.01571513
0.04097211
0.02319113
0.01529515
0.03827893
0.05607353
0.05494068
0.05570711
0.01883112
0.02389700
0.01934299
0.02238825
0.00569949
0.01485585
0.01378725
0.00639801
0.03424096
0.05022228
0.03315062
0.03719366
0.02078008
0.04673922
0.05561826
0.01965522
0.04456133
0.03057974
0.01402605
0.02119622
0.01401835
0.03957249
0.03499701
0.01034632
0.02206412
0.01925078
0.04557816
0.02339078
0.01330347
0.02303320
0.02821763
0.02495712
0.01260416
0.00844732
0.00831680
0.03107736
0.03708984
0.02485968
0.03057227
0.03925684
0.02628070
0.03480850
0.01162284
0.01779326
0.01511414
0.03257268
0.02118770
0.02500395
0.02620728
0.01896864
0.01619585
0.01963983
0.03244295
0.02712157
0.03185036
0.01277666
0.01666690
0.04538353
0.00728757
0.01147881
0.02570346
0.02755040
0.00599328
0.04565826
0.02362294
0.05903447
0.02535188
0.02131790
0.03033925
0.04763128
0.03466470
0.01060346
0.02716199
0.04486803
0.02554337
0.01454646
0.01347222
0.04131496
0.02303335
0.02263064
0.05089407
0.00967582
0.00738889
0.03164577
0.01193054
0.02313694
0.02577509
0.02779587
0.01272974
0.00930294
0.02326734
0.01480522
0.01196452
0.01092495
0.02729609
0.00629139
0.04736598
0.03137907
0.03697612
0.03760717
0.04417841
0.03832984
0.02697915
0.02570890
0.01982550
0.03880357
0.01328938
0.01333488
0.03702588
0.02192678
0.02859381
0.01463942
0.04686869
0.03089377
0.00723733
0.01825877
0.00775472
0.05772507
0.03845943
0.03099806
0.02562917
0.02197866
0.02619749
0.02645290
0.01707988
0.00779690
0.02995533
0.02568501
0.03701604
0.02264567
0.01242885
0.01766500
0.05495553
0.03012642
0.00811075
0.00987498
0.02297357
0.00834522
0.01166505
0.03131720
0.01789545
0.02073383
0.00951283
0.01149453
0.01142719
0.01924248
0.01742359
0.01312387
0.00741431
0.02554558
0.02421958
0.01614937
0.01929019
0.02533795
0.04143017
0.05887135
0.02666149
0.00737485
0.01378877
0.04859041
0.02275790
0.00534707
0.02684745
0.00969430
0.03821548
0.01432670
0.01580557
0.00946305
0.03304305
0.00673371
0.01357652
0.01151209
0.03063314
0.04589963
0.01068374
0.01293472
0.02074117
0.04610199
0.00776845
0.00500627
0.02581210
0.04113149
0.02001635
0.03242527
0.01540342
0.01870708
0.00875724
0.02762717
0.01076592
0.02901731
0.03213062
0.00569729
0.03576171
0.01063385
0.02295819
0.03490671
0.01168602
0.02059657
0.01491908
0.03018558
0.01806360
0.01814138
0.00835949
0.01282203
0.01604409
0.03224419
0.05640472
0.03966282
0.01547454
0.03490655
0.01588806
0.01229138
0.02128322
0.05805277
0.04447977
0.01905689
0.00933153
0.05621231
0.00999068
0.05330249
0.01165078
0.01979344
0.05494992
0.01887997
0.01243671
0.04778458
0.02472667
0.03245256
0.00820127
0.04097725
0.02140616
0.01830709
0.05221364
0.01214257
0.00980353
0.01439989
0.00822831
0.01440668
0.03756238
0.01687939
0.01909797
0.04370248
0.00604771
0.01735977
0.03531140
0.02363293
0.02966297
0.02561837
0.02123500
0.01090371
0.00978144
0.01596675
0.05578902
0.00756947
0.05216138
0.00550268
0.03975041
0.04151635
0.03927334
0.01855678
0.05319269
0.02030581
0.01369757
0.03790749
0.02857654
0.02138784
0.01471015
0.03015371
0.00967991
0.01188599
0.01027462
0.03142071
0.01508959
0.03657736
0.01721074
0.05111596
0.02465587
0.01862044
0.00868133
0.02429492
0.01970557
0.02164467
0.01274663
0.03461248
0.01975316
0.03676344
0.01635006
0.01827609
0.01383572
0.03180122
0.04863656
0.01225454
0.01354924
0.01965589
0.00756610
0.01915226
0.02495785
0.02633800
0.01855562
0.00599077
0.04544822
0.01935664
0.02837697
0.02993723
0.01333983
0.04724193
0.01757377
0.02613985
0.01856160
0.03564561
0.00558121
0.01073836
0.01938985
0.02862020
0.03383521
0.02273643
0.00958536
0.01847419
0.02287773
0.03474967
0.01719950
0.02387403
0.01179073
0.03577847
0.01689330
0.00980926
0.03618950
0.04968759
0.01781757
0.00861657
0.03924264
0.03529809
0.04923748
0.02069303
0.01209965
0.01590019
0.01147723
0.00551859
0.03434226
0.01583099
0.05568586
0.02774923
0.02432701
0.02339251
0.02666452
0.00612971
0.01156525
0.02150045
0.04039487
0.03784844
0.02198262
0.05748213
0.01061785
0.02777893
0.01239626
0.00604284
0.05178438
0.01403639
0.05552088
0.01041147
0.00779988
0.00869644
0.02212699
0.00563316
0.01273549
0.01434929
0.03411910
0.03904031
0.05853410
0.05214519
0.05705273
0.05621298
0.01770688
0.02822826
0.01109517
0.00876894
0.01332134
0.05517433
0.03382025
0.01394007
0.03329716
0.05783349
0.00808276
0.01261496
0.02050991
0.01299734
0.01037363
0.04275888
0.00885598
0.03622838
0.05638314
0.04016826
0.05251483
0.00736949
0.02448463
0.01646428
0.00636754
0.04902106
0.02353343
0.01125123
0.00564556
0.03051014
0.00673359
0.04175341
0.03445456
0.02728583
0.01702538
0.02845688
0.02194475
0.01615670
0.02909140
0.00813390
0.02065591
0.02274184
0.04376859
0.02759348
0.02575808
0.01246626
0.00920957
0.02961141
0.02704413
0.02338604
0.01717399
0.05188532
0.03360060
0.01447277
0.00602828
0.02817085
0.05528873
0.01865583
0.02263028
0.01185239
0.01547431
0.01563194
0.01664750
0.01302141
0.01733026
0.03252756
0.02642491
0.03536231
0.00695287
0.01685502
0.03833493
0.05227343
0.02530028
0.00954447
0.02316435
0.01147929
0.03119461
0.04000543
0.04374050
0.00890318
0.05853401
0.05565410
0.04216009
0.02690649
0.03902071
0.00750594
0.00629919
0.02320003
0.00979500
0.03837130
0.01973057
0.01960764
0.01076076
0.01645949
0.02180729
0.01114128
0.01695990
0.01691378
0.02258275
0.05811360
0.04019500
0.01410026
0.04585791
0.02940403
0.01749193
0.04562547
0.03501503
0.02076229
0.03641063
0.01215334
0.00571083
0.03933973
0.01999158
0.00930568
0.02381344
0.00611912
0.03202166
0.01261865
0.02159733
0.03296419
0.01338684
0.01392436
0.03667896
0.04800555
0.01098840
0.01795198
0.02521042
0.05152058
0.03073583
0.02534758
0.04022331
0.01856285
0.02757384
0.02446560
0.04162377
0.01860811
0.01644149
0.02409104
0.00817759
0.01264249
0.02392244
0.04122687
0.00798227
0.00833881
0.01807475
0.03966622
0.01139683
0.00755935
0.03862333
0.02586478
0.00599989
0.04424814
0.05316122
0.00917480
0.01961752
0.01140404
0.03473533
0.02541098
0.02954604
0.05307383
0.04223882
0.01744308
0.01758660
0.04546770
0.01841636
0.03507104
0.01066569
0.03236143
0.02747759
0.02498240
0.03671116
0.03430420
0.02255351
0.03698541
0.02246824
0.00838725
0.01839434
0.02534023
0.01663664
0.00728703
0.00632361
0.02058730
0.02585659
0.00552224
0.01639030
0.02234721
0.01169965
0.00797033
0.02656787
0.01709068
0.01622297
0.02547479
0.02118406
0.02369759
0.01580808
0.02396815
0.02450169
0.03521613
0.03924938
0.01725007
0.05463994
0.00553674
0.03004689
0.00712075
0.02318444
0.03166774
0.03655808
0.01598087
0.01119904
0.05694343
0.02689325
0.01256343
0.04107319
0.01925437
0.04160910
0.00718022
0.01626295
0.03079171
0.01056828
0.04545985
0.03924093
0.00847727
0.01675258
0.02186851
0.01501018
0.01153980
0.02041948
0.00752298
0.04754273
0.03330488
0.02346374
0.01255839
0.01986490
0.01051004
0.01705746
0.01469327
0.00950380
0.03807364
0.01161165
0.03675615
0.02321858
0.01213241
0.00544817
0.03800258
0.04458973
0.02801866
0.01920120
0.00862585
0.02148724
0.00663557
0.01764252
0.05794811
0.01722949
0.01176714
0.00601703
0.01898662
0.02489997
0.01555250
0.03308772
0.03719556
0.02134074
0.01345463
0.01351899
0.03628072
0.02054968
0.03347896
0.01243208
0.01364022
0.01496865
0.01333507
0.04358461
0.03633216
0.01235105
0.05851527
0.01244335
0.01765521
0.00999759
0.01581115
0.02758526
0.04698930
0.03141214
0.01983473
0.01959573
0.01394369
0.01499793
0.01210523
0.02864464
0.03076274
0.00968535
0.03328140
0.02722237
0.02261469
0.01843329
0.02879031
0.02881104
0.00940623
0.04728126
0.03964574
0.01178169
0.01600005
0.03532925
0.01386768
0.02004756
0.03133182
0.04186522
0.00669725
0.00510865
0.01183385
0.02079887
0.04924158
0.00839269
0.01912107
0.01633578
0.05833621
0.05201202
0.02409316
0.00764659
0.02113055
0.01178628
0.03217280
0.01580441
0.00541773
0.01748883
0.03403999
0.01102311
0.03144681
0.01863396
0.02777755
0.03205777
0.02120596
0.02625608
0.05017499
0.02419834
0.00619020
0.03570765
0.02023832
0.01830740
0.00755617
0.05207634
0.01353116
0.01799849
0.00775295
0.01405086
0.03792943
0.02059111
0.01949786
0.02486420
0.01164634
0.01589639
0.03252910
0.00900814
0.01422264
0.00770759
0.01863976
0.01133322
0.01682412
0.01701136
0.00564639
0.01571740
0.00953859
0.01904472
0.01594594
0.03663038
0.01289744
0.02190200
0.00853409
0.00637204
0.04791800
0.02096926
0.00747118
0.01015622
0.05600667
0.02339062
0.00682463
0.05574800
0.01959045
0.01861531
0.01418581
0.04719661
0.01453783
0.02369826
0.01542402
0.05060595
0.00978239
0.03682924
0.01086575
0.03594760
0.02189055
0.04001692
0.03616053
0.00633956
0.01277603
0.05778136
0.00634091
0.00613700
0.01400392
0.03605091
0.01822657
0.03447681
0.00653005
0.00856480
0.03125698
0.00862108
0.01739043
0.01258467
0.02434114
0.01778781
0.00965741
0.04481305
0.00939965
0.01537399
0.01269921
0.01480633
0.01902332
0.01697108
0.04846077
0.02044103
0.04098908
0.00813663
0.04158808
0.03524027
0.02056854
0.02648207
0.03290303
0.04261438
0.02481684
0.03332199
0.01085946
0.01621963
0.02631159
0.02198034
0.04119702
0.01076719
0.02494743
0.00653378
0.00776499
0.02111870
0.01983629
0.02012566
0.05875547
0.01017234
0.03420127
0.05195273
0.03283161
0.00793085
0.02147485
0.02145796
0.03638025
0.01817440
0.01178240
0.01366176
0.01879053
0.02392629
0.01273048
0.02255018
0.02883828
0.02667009
0.04085849
0.01384632
0.00933201
0.05796434
0.01345005
0.02075103
0.02626856
0.00939437
0.03136631
0.03012234
0.03806790
0.03375680
0.01801355
0.01698816
0.02045561
0.05660831
0.03763722
0.01665659
0.01481429
0.04663560
0.01054461
0.01870279
0.05508076
0.00563062
0.02256917
0.01372709
0.04310766
0.00953561
0.00835932
0.01361589
0.05452919
0.00697395
0.02005485
0.00760374
0.03184135
0.02742720
0.00638284
0.01833358
0.01028743
0.00687650
0.01778861
0.01247242
0.04401728
0.01139847
0.01563328
0.05996038
0.00985384
0.01629795
0.04424112
0.02570591
0.04320012
0.01448558
0.02926445
0.00872981
0.02498406
0.00587692
0.02638500
0.01420605
0.05211519
0.01177632
0.04593500
0.05230150
0.00580120
0.02296757
0.02326559
0.04213513
0.01953221
0.00605886
0.03645580
0.01749924
0.00981375
0.03207959
0.04899251
0.01570393
0.01182783
0.04648016
0.00788045
0.02982778
0.01076704
0.02880549
0.04424878
0.01253822
0.01207189
0.02448336
0.03989813
0.02611122
0.01474179
0.01536310
0.05320475
0.01477959
0.04463244
0.05196350
0.01521234
0.03475196
0.03860523
0.01233900
0.02342098
0.00522401
0.03966695
0.03465986
0.01420084
0.01026825
0.02384075
0.03204820
0.04211880
0.01291317
0.02130318
0.01098954
0.03826360
0.00603178
0.05694218
0.02317289
0.02809356
0.02274713
0.01298658
0.02612245
0.01611287
0.00946846
0.01347248
0.02612385
0.04472559
0.03975263
0.04580632
0.01948570
0.02616975
0.00516917
0.03898342
0.01173700
0.04858073
0.01117970
0.02163830
0.02538365
0.00890888
0.02339153
0.02068221
0.01939939
0.04520425
0.00644400
0.05097013
0.02430651
0.01404225
0.01702713
0.00650784
0.01408728
0.05242611
0.02038751
0.02328355
0.01763101
0.03002200
0.02744307
0.02727768
0.03499178
0.02629758
0.05195460
0.04393072
0.01610270
0.03572304
0.05787751
0.01439961
0.02734862
0.05589815
0.04389398
0.03097687
0.01091716
0.02219973
0.02282315
0.03989425
0.01402418
0.01747760
0.01278269
0.01863941
0.01517767
0.01198859
0.02358260
0.02943500
0.00833369
0.03273367
0.03771075
0.04351163
0.00925162
0.02941210
0.02788487
0.04417781
0.02608835
0.02093964
0.03315469
0.00779955
0.01611663
0.00783583
0.02184264
0.01487356
0.03212052
0.01364888
0.02689599
0.02499001
0.00684740
0.01081524
0.00517731
0.01203422
0.02256579
0.01426868
0.02878999
0.03122026
0.05636352
0.02929162
0.01200314
0.01380489
0.02201199
0.03936943
0.02623880
0.01458329
0.01047632
0.00624713
0.05238058
0.02932292
0.01958511
0.02310672
0.02579662
0.02850695
0.03076283
0.01003271
0.03470926
0.04163614
0.05713395
0.00589767
0.01636792
0.03882716
0.00722930
0.02729470
0.01632316
0.01276691
0.00761523
0.02324818
0.03262262
0.03004311
0.01426402
0.02194142
0.05444867
0.02927567
0.01266470
0.01151538
0.05247350
0.03201826
0.02038592
0.00943948
0.03926689
0.05025314
0.02832459
0.00556361
0.04361203
0.02617753
0.00975873
0.00892967
0.04621331
0.01540732
0.03444245
0.04567514
0.00543374
0.01790201
0.01979528
0.04632411
0.05303929
0.03452881
0.01556868
0.03430673
0.01290579
0.01323735
0.03814736
0.01445286
0.01473357
0.03918416
0.02884502
0.02262575
0.04826842
0.00867348
0.03699470
0.02522316
0.00709666
0.03101483
0.01433383
0.02042441
0.03797570
0.01051190
0.01660632
0.02247556
0.03231350
0.02808157
0.04140274
0.03617528
0.01695827
0.03236032
0.03732645
0.04638708
0.03373554
0.01418152
0.03103010
0.02408488
0.01102371
0.01739693
0.00666775
0.03949059
0.03301007
0.02531657
0.05648799
0.03609924
0.01007522
0.03026307
0.01995691
0.04644099
0.02143506
0.03095434
0.02815659
0.00630453
0.03287980
0.03257118
0.00616680
0.02213803
0.01939850
0.02041540
0.02205477
0.02608957
0.02116191
0.03783422
0.02123815
0.01754925
0.04195084
0.02662435
0.05601574
0.03135309
0.04245047
0.00936332
0.04024027
0.01636264
0.01874591
0.01885056
0.00637391
0.02178659
0.00809186
0.01494779
0.01367674
0.03746497
0.02294182
0.01432019
0.04428655
0.01913656
0.01739298
0.01829980
0.01349830
0.02983391
0.03085225
0.03068410
0.02021848
0.02226838
0.00598556
0.02639132
0.01239837
0.00562157
0.04200444
0.04510223
0.02097759
0.00759428
0.03785048
0.00727946
0.03317238
0.03903465
0.02482352
0.04195586
0.04797804
0.01518438
0.04716552
0.02411307
0.01292722
0.04879694
0.02214944
0.01150112
0.01264748
0.02226087
0.03955722
0.04568742
0.04123186
0.01336786
0.01097692
0.01654617
0.02336908
0.00928592
0.02390108
0.02836259
0.04760584
0.01666887
0.00737823
0.00653984
0.04201695
0.01528596
0.04161710
0.04854562
0.01799069
0.01754772
0.02935605
0.03189375
0.02053354
0.01614400
0.01383210
0.02444627
0.01119741
0.03165592
0.01060183
0.04413621
0.00777578
0.02182753
0.02690717
0.01033884
0.03455150
0.01452699
0.01405753
0.03848015
0.02861687
0.01838192
0.04401674
0.01316410
0.04679828
0.02914353
0.00525628
0.01892930
0.02231752
0.01401013
0.01578265
0.04143751
0.01348689
0.01328918
0.02429116
0.02276033
0.02285511
0.01794975
0.03033869
0.05095724
0.03026408
0.04292697
0.01947678
0.03266827
0.03894223
0.02467809
0.01598544
0.02666865
0.01742572
0.01117044
0.02594718
0.02245334
0.01349201
0.02082548
0.02707963
0.01123326
0.00872702
0.03571346
0.03792460
0.00501197
0.01322119
0.03029578
0.03311729
0.03848009
0.05512624
0.02086268
0.02345832
0.01047606
0.03750657
0.01056454
0.03145598
0.04206764
0.04233632
0.01151318
0.01495269
0.01656156
0.01983442
0.01696406
0.03810309
0.03302134
0.03401253
0.03364847
0.00563131
0.03618618
0.01248440
0.03706217
0.03936719
0.05569326
0.02624399
0.00726520
0.00863712
0.01871474
0.00960559
0.01128070
0.01018447
0.05065824
0.03014947
0.05169469
0.01141128
0.00962401
0.03267647
0.01884792
0.00640890
0.02417524
0.01743435
0.04921686
0.01037717
0.04230804
0.01522998
0.00627057
0.02349099
0.01783754
0.01558485
0.00908848
0.00656547
0.01047653
0.00931144
0.01507662
0.05422689
0.03395629
0.02018269
0.01583830
0.01251838
0.01196681
0.01120624
0.02577761
0.04435233
0.01162115
0.00609505
0.01873922
0.02373422
0.01217149
0.03801202
0.03860658
0.01355538
0.02098458
0.00607919
0.01829197
0.02845556
0.02651990
0.04194984
0.01114739
0.00757267
0.02293734
0.00870354
0.03654345
0.02461145
0.03735198
0.01048960
0.01808978
0.03652314
0.01548892
0.01537116
0.01907265
0.05285402
0.02600225
0.02342633
0.00710167
0.04900991
0.00806780
0.01349843
0.01134920
0.00769016
0.00847038
0.04110418
0.04451370
0.03019289
0.01416464
0.05131434
0.01320373
0.02344231
0.01642385
0.01834419
0.01696513
0.03200371
0.00849867
0.01491736
0.05713982
0.02682400
0.01163893
0.00982423
0.03228510
0.02969844
0.03127771
0.04242767
0.02333242
0.04308791
0.03209437
0.03081912
0.05503282
0.00953017
0.02530313
0.01846866
0.03057706
0.00943598
0.01056116
0.03690628
0.02115182
0.02370064
0.01995318
0.01700460
0.02784365
0.01229841
0.01310788
0.03957866
0.02379878
0.02182600
0.02099355
0.01461638
0.00880699
0.01035679
0.01779470
0.00823040
0.02911176
0.02199111
0.04901339
0.04401820
0.01747390
0.02984048
0.00956473
0.01231049
0.05589465
0.01532745
0.01492976
0.01480175
0.00613305
0.03968906
0.04548685
0.01693742
0.02305606
0.00604015
0.01134934
0.02262487
0.01991032
0.01701567
0.02303450
0.04566902
0.04775837
0.01636165
0.01398788
0.02543602
0.00998196
0.01201292
0.01473147
0.01864759
0.02389424
0.01335475
0.00921585
0.02391050
0.02163569
0.00677901
0.03563365
0.00934214
0.00530355
0.02953773
0.02026458
0.01708871
0.01460042
0.05199017
0.05502935
0.04651369
0.02216750
0.01307363
0.02545177
0.03724131
0.02981515
0.00947368
0.04913113
0.01288816
0.01182193
0.01571943
0.02891714
0.00687315
0.03831415
0.03418017
0.05077837
0.01399082
0.01429043
0.01428438
0.05281174
0.00745475
0.01716192
0.02423721
0.00572571
0.02541480
0.01720561
0.02386078
0.01270769
0.00708556
0.01395449
0.01671279
0.00994163
0.01825585
0.01175291
0.00972700
0.03860523
0.01086735
0.00574656
0.01817008
0.02827473
0.01865529
0.00537477
0.02203667
0.02735445
0.04799976
0.05690009
0.00843583
0.01520444
0.01364204
0.04552361
0.00938178
0.05923648
0.02043796
0.01070270
0.02855485
0.01574550
0.01425913
0.01977336
0.01476093
0.01471883
0.02708380
0.02383074
0.01068108
0.02867712
0.04710009
0.03274748
0.04365237
0.02924927
0.01914935
0.01617807
0.02505788
0.01957105
0.04687549
0.02573825
0.02743815
0.04898008
0.04300348
0.04715257
0.03643334
0.04495134
0.02359811
0.03951512
0.04525744
0.03356547
0.03669118
0.00907925
0.01541688
0.02878638
0.01460815
0.02780583
0.02725456
0.01120843
0.04922072
0.01323779
0.01464833
0.01607765
0.01051929
0.00887329
0.04512191
0.01060580
0.05492510
0.03183082
0.05716692
0.03733117
0.00627653
0.00933300
0.01102978
0.01310673
0.02657805
0.01194270
0.00558572
0.02630936
0.01040539
0.02159000
0.02619040
0.01467713
0.02002519
0.01829291
0.03225533
0.04918670
0.01964832
0.01560600
0.05166728
0.02097130
0.00531297
0.03074593
0.02239471
0.02824472
0.01204415
0.03741363
0.03608757
0.00507548
0.02215458
0.03137959
0.02591496
0.02608399
0.01982586
0.05563987
0.02417515
0.01867203
0.02546039
0.00639452
0.02994829
0.02328570
0.02088466
0.00877543
0.00743815
0.01078710
0.00867355
0.00642635
0.00633667
0.01942085
0.03826027
0.00598763
0.04500924
0.03812524
0.02105677
0.01017296
0.02660744
0.01365109
0.02393768
0.00950706
0.01736950
0.01255999
0.02057291
0.03887844
0.02015315
0.00668945
0.03112611
0.05359576
0.04998230
0.01004413
0.02260902
0.03380341
0.04056343
0.04454167
0.00950434
0.02788411
0.02956728
0.01289382
0.03479580
0.02162699
0.01132478
0.01814940
0.01461553
0.02989707
0.01104979
0.01976230
0.01246853
0.05422366
0.01774690
0.01322722
0.03363324
0.04510012
0.02028327
0.02261211
0.03592919
0.02182498
0.04255718
0.00759386
0.02376854
0.04547504
0.00844690
0.03597171
0.02189348
0.01083069
0.01474905
0.03280240
0.01818786
0.01601686
0.01712428
0.01786865
0.00926539
0.02475432
0.02622086
0.04782874
0.00950438
0.02975497
0.01758658
0.03016557
0.01773954
0.01792878
0.02052919
0.05480258
0.02044137
0.00798468
0.03394971
0.03594113
0.04024780
0.01579401
0.01249004
0.01323251
0.01277356
0.01959898
0.00721548
0.01821451
0.01313946
0.03991000
0.04366304
0.01782363
0.04732947
0.05555433
0.04393338
0.05060806
0.02258283
0.02001900
0.01306259
0.00936151
0.00821052
0.04833530
0.01892650
0.05021743
0.00912433
0.04746033
0.01678175
0.02119758
0.02804682
0.04186872
0.05104613
0.01131479
0.01455470
0.02435007
0.02372276
0.04717005
0.01743027
0.02887374
0.04939718
0.02981448
0.01058590
0.02173354
0.01451456
0.02205950
0.01631864
0.01681491
0.04801103
0.02125718
0.02290164
0.00661252
0.02217958
0.00988841
0.02529268
0.02266182
0.05082819
0.02839656
0.03690297
0.03056617
0.01485419
0.02697036
0.01151380
0.00712739
0.04567916
0.03301906
0.01402071
0.04203994
0.02205116
0.02718930
0.00623574
0.03556387
0.01689803
0.00659844
0.01115115
0.01482579
0.03018781
0.03407728
0.04266916
0.03500197
0.01750886
0.01690139
0.03100855
0.03287957
0.01566700
0.00761035
0.01337106
0.00625563
0.02575795
0.02059735
0.05962762
0.01180961
0.01241899
0.00846674
0.01371317
0.01143032
0.05565396
0.00635751
0.02264126
0.01397808
0.01741890
0.02506406
0.04633235
0.00735957
0.02221744
0.03009659
0.05626736
0.03102511
0.02676981
0.04979312
0.00623658
0.01611570
0.00617595
0.03161396
0.04436040
0.04111750
0.03089486
0.02087244
0.02488012
0.04144659
0.01621693
0.03007531
0.04449172
0.05982923
0.03625379
0.01071230
0.03062074
0.02506907
0.01547959
0.02211328
0.02111951
0.01742065
0.01095043
0.02544768
0.00943223
0.00580296
0.01855877
0.01433020
0.00583074
0.01937065
0.02022302
0.00848465
0.03351699
0.03082670
0.01842801
0.02899949
0.01138232
0.01356223
0.05014952
0.01823652
0.03310801
0.00651311
0.02027198
0.01436660
0.02735821
0.02259437
0.02707296
0.00662586
0.01193437
0.01036653
0.03842585
0.02030891
0.01981451
0.01082737
0.02583224
0.03078493
0.00986927
0.02922001
0.03411977
0.01876292
0.03785497
0.04456183
0.00970941
0.01452368
0.02326894
0.01831160
0.02965176
0.03245592
0.04776456
0.05831874
0.01512949
0.01397154
0.02839626
0.04427205
0.05579752
0.00934796
0.00875962
0.05339066
0.01597512
0.01288205
0.01349087
0.02567544
0.01737726
0.03751924
0.05648368
0.02983648
0.01068355
0.00509059
0.02680917
0.04318019
0.04283431
0.02723085
0.03956964
0.01004666
0.03951133
0.03464693
0.01558341
0.00718846
0.03630791
0.01516215
0.03142430
0.05684156
0.03331671
0.01630519
0.01919703
0.02862449
0.02027527
0.05177947
0.00826716
0.01970040
0.02183171
0.01999364
0.04311285
0.05597305
0.05162988
0.04070443
0.02740005
0.01000871
0.03176996
0.04264156
0.04636754
0.02415522
0.03540441
0.01224142
0.00926380
0.02779478
0.05140043
0.02615309
0.01259944
0.01984644
0.04343927
0.03684191
0.01637357
0.04696390
0.02849305
0.00850153
0.01477311
0.03093241
0.05651625
0.01678683
0.01567638
0.00825349
0.05762976
0.01378766
0.00938026
0.04210328
0.03043416
0.00728741
0.00800749
0.04247723
0.05620571
0.00842007
0.01885799
0.01381545
0.01854247
0.02498103
0.01652838
0.00720175
0.03481196
0.04457259
0.01810317
0.04673663
0.01906234
0.01829570
0.01126183
0.03550537
0.04670996
0.04829784
0.03493782
0.01433374
0.03050130
0.01779717
0.03131924
0.00979376
0.02277707
0.02816092
0.01007652
0.01789787
0.04356964
0.03854369
0.03090088
0.03869543
0.02260778
0.00810725
0.03548824
0.00701914
0.01690931
0.00698174
0.03214726
0.03748573
0.03137701
0.03420506
0.01765296
0.02893045
0.02099503
0.01395426
0.04955507
0.01991736
0.01130947
0.01098612
0.01261006
0.03163028
0.04455432
0.03474789
0.00829139
0.02668326
0.01011606
0.01607297
0.04227553
0.01492276
0.02042907
0.01431683
0.02419572
0.01744478
0.01171901
0.03881572
0.02724691
0.01493920
0.00818699
0.01510422
0.03336582
0.02311599
0.03107195
0.01671511
0.01057967
0.01796819
0.02929136
0.01717666
0.04622679
0.04837886
0.01409253
0.02708125
0.05485569
0.02620929
0.04216008
0.01810933
0.00697959
0.01605904
0.01691551
0.03076449
0.00929994
0.02582201
0.01318262
0.00864948
0.00632313
0.01119687
0.00515009
0.01042263
0.01466238
0.01848730
0.02779257
0.00521951
0.03229730
0.01713949
0.01716394
0.00706801
0.02014245
0.02545093
0.02933972
0.02564921
0.02683708
0.01266869
0.00793535
0.01093544
0.01603845
0.00938681
0.01052702
0.02927378
0.04216324
0.03225973
0.02705921
0.02217311
0.04196184
0.01448603
0.01478005
0.02585044
0.04070764
0.01461135
0.00610050
0.02751091
0.01019209
0.02199524
0.00756692
0.04332804
0.03768274
0.01926738
0.01690190
0.01946923
0.03503670
0.01787814
0.02809112
0.04316581
0.01587802
0.01469731
0.01463921
0.01001486
0.01962514
0.01731289
0.00501397
0.02168183
0.00930417
0.01709182
0.02415634
0.00715123
0.00963273
0.02962773
0.00675106
0.01010379
0.03593204
0.02842315
0.05069088
0.00751954
0.01530023
0.02164978
0.02623090
0.03043457
0.02957758
0.00805302
0.02578022
0.03797088
0.04868321
0.01582446
0.04910798
0.00527799
0.01901705
0.01492796
0.03412422
0.02855031
0.01921686
0.01042258
0.03409509
0.01530348
0.02057864
0.04524029
0.05802990
0.03143940
0.02108161
0.05356184
0.04107375
0.01267003
0.03898520
0.02441799
0.04135472
0.01575313
0.01730518
0.02720689
0.01560350
0.03299058
0.05353538
0.01256062
0.00617397
0.02893696
0.02415789
0.00598311
0.02061748
0.04655096
0.01726031
0.01450050
0.02044743
0.02621417
0.03195609
0.00899105
0.02621985
0.01717758
0.01853454
0.01389985
0.05391515
0.02960292
0.02373990
0.02876123
0.01028756
0.03698896
0.00819198
0.00669608
0.02379306
0.02946187
0.04980059
0.02705433
0.02962001
0.03648978
0.01747994
0.01640117
0.03673584
0.02898530
0.01481430
0.00574732
0.01513925
0.00551544
0.01575967
0.04364686
0.03154216
0.05614306
0.03164717
0.01556930
0.01319994
0.02538288
0.03590811
0.01446366
0.01876735
0.00864109
0.02211687
0.02237049
0.02411587
0.02603611
0.01447021
0.02759402
0.03892209
0.01478217
0.01813689
0.03352658
0.01770598
0.03047843
0.01612686
0.01984691
0.01547546
0.02331098
0.00502569
0.05468534
0.02821841
0.02694881
0.04766172
0.00976397
0.01024328
0.00811018
0.01726258
0.04381197
0.04475282
0.04532169
0.02514021
0.02611567
0.00841925
0.02555854
0.01584245
0.01239030
0.02752971
0.00979412
0.01192863
0.05359431
0.01173114
0.03570996
0.01261048
0.02785528
0.01606913
0.02144617
0.01431474
0.01510643
0.01300047
0.04316181
0.02393288
0.00996779
0.02114295
0.03336019
0.02709301
0.03536955
0.01443524
0.01093918
0.01036991
0.03873562
0.03251973
0.01872563
0.01357426
0.01265481
0.02527217
0.02990137
0.04453420
0.04724897
0.01651528
0.02440276
0.03072986
0.01011912
0.01153542
0.02646091
0.00818380
0.02323644
0.04284262
0.01395793
0.01977690
0.03929798
0.01988489
0.02431000
0.05720739
0.01260358
0.02181144
0.01838619
0.02148297
0.02686573
0.03876003
0.02832837
0.01344418
0.00768883
0.02253199
0.02586000
0.03532326
0.01627648
0.01719821
0.02717741
0.01708987
0.02103816
0.02082718
0.01799969
0.01772886
0.01533561
0.01843674
0.00956081
0.02159661
0.01246341
0.01051027
0.00722571
0.01651482
0.01604299
0.00535402
0.02089013
0.01515318
0.01304821
0.02411219
0.01011502
0.02434982
0.01177963
0.03126354
0.02689230
0.01300979
0.02366822
0.04345098
0.01534808
0.04271063
0.02124421
0.01764977
0.00891780
0.01918755
0.03234396
0.00731223
0.01193190
0.00700201
0.01699853
0.03264549
0.03055704
0.01850368
0.01542960
0.03589434
0.01681148
0.01310749
0.01071833
0.01100831
0.00727002
0.02432861
0.04990801
0.03376518
0.01504011
0.03050377
0.01367197
0.01184778
0.03591857
0.03735594
0.02699542
0.03860472
0.03565377
0.02848768
0.00533264
0.02459023
0.01695399
0.01237738
0.04836907
0.01314781
0.01201302
0.04018164
0.03511861
0.00614548
0.01279128
0.02475830
0.01524745
0.01051902
0.02762928
0.02035006
0.02490839
0.01312858
0.00875839
0.05051276
0.01942176
0.00805765
0.00926260
0.01781764
0.02528653
0.04260368
0.01535320
0.02363815
0.02526845
0.03659614
0.00603906
0.02570907
0.01710309
0.01150594
0.00756211
0.02759000
0.02940449
0.03202469
0.03429401
0.01232611
0.02834082
0.01666560
0.02254844
0.05735931
0.01162661
0.00662836
0.01090472
0.00533340
0.00979251
0.04690017
0.02785348
0.00778770
0.01413507
0.03735825
0.00784734
0.02516680
0.01750480
0.05118019
0.01791351
0.00560177
0.01310178
0.05154514
0.00943414
0.03011537
0.04797938
0.04011466
0.01517829
0.05361439
0.02847844
0.05030186
0.04542585
0.04668671
0.04612844
0.02521045
0.03224006
0.02590941
0.01464566
0.04681465
0.01572328
0.01885758
0.05729179
0.01056400
0.01711019
0.04397268
0.01124576
0.02790283
0.01765892
0.01767813
0.01285188
0.02905639
0.02638498
0.05025293
0.01623999
0.00678809
0.04635793
0.03073265
0.00888619
0.02583008
0.00660987
0.01917801
0.00820166
0.01081295
0.04007949
0.03220518
0.04763901
0.01997436
0.03164969
0.01719483
0.01118991
0.02182585
0.03056805
0.01933130
0.00882622
0.05203610
0.01007478
0.03226577
0.04139649
0.03516450
0.03475879
0.03132005
0.04840240
0.03426098
0.02129691
0.02531615
0.02796311
0.01380571
0.05935834
0.04808712
0.03306477
0.02337182
0.03945452
0.02036262
0.01031482
0.04238845
0.04078187
0.02289423
0.02611867
0.01383960
0.00654682
0.01948988
0.00602311
0.01906469
0.01311170
0.03026367
0.03124972
0.01487537
0.02431145
0.03121363
0.00927365
0.03771873
0.03024388
0.02294109
0.03617042
0.01958286
0.00886679
0.02810757
0.01836115
0.02140120
0.05513175
0.01167184
0.03066404
0.01128878
0.02189128
0.02025262
0.01241028
0.01847807
0.02915823
0.04078896
0.02579893
0.00977512
0.00708085
0.02036505
0.04575043
0.01043283
0.01460344
0.01467652
0.01761628
0.01295494
0.00757922
0.02684581
0.00909790
0.01458627
0.01514219
0.01755137
0.02162184
0.03510699
0.01071868
0.01452096
0.02795535
0.02955537
0.02109453
0.02841741
0.01653981
0.05718246
0.00773120
0.00980539
0.04587469
0.01833813
0.01940158
0.03018304
0.01936404
0.01246559
0.01196529
0.04721452
0.03395278
0.01913653
0.04945289
0.01996655
0.02310257
0.03191326
0.00682070
0.04289154
0.00590118
0.03701018
0.03306168
0.01606601
0.03472746
0.02300107
0.01688678
0.01640167
0.01398268
0.02286834
0.01707403
0.04552758
0.00812653
0.02403887
0.00655193
0.01189123
0.01216909
0.04032381
0.02752804
0.03242657
0.02865773
0.01494975
0.00944081
0.01547269
0.01182428
0.02098019
0.02477790
0.01398142
0.01536768
0.01170762
0.02017705
0.01993153
0.01561408
0.01756922
0.04051151
0.04372917
0.02180690
0.01011895
0.01354948
0.01256006
0.03764654
0.01154637
0.01042322
0.02273129
0.00772168
0.02013637
0.04602047
0.01001573
0.02290287
0.00789469
0.03283036
0.01532988
0.00830488
0.02707198
0.02234974
0.02401697
0.00792528
0.00769384
0.01449464
0.00891516
0.01251229
0.02045300
0.01358908
0.01035669
0.01333312
0.03112658
0.03885373
0.01711781
0.00979072
0.04859764
0.05077172
0.00663046
0.01397853
0.03172323
0.02146850
0.00677102
0.01417962
0.01708163
0.04059002
0.00524310
0.01014609
0.00651836
0.04701483
0.04545763
0.01055778
0.01723893
0.00874843
0.02604477
0.02158909
0.03597816
0.01158762
0.05903274
0.05284692
0.00734402
0.02420258
0.04845351
0.05644500
0.02278901
0.03443755
0.01823672
0.01751922
0.02995160
0.03890023
0.01982135
0.02877315
0.04953326
0.03707889
0.03450383
0.03002602
0.04578560
0.02532926
0.04950967
0.03005266
0.01678371
0.05940454
0.03556883
0.05989253
0.04257527
0.00769097
0.00665214
0.01711420
0.02944257
0.02061056
0.01994503
0.00502185
0.03481467
0.01500325
0.03873026
0.02398893
0.01176115
0.03364442
0.01240950
0.02437353
0.01989055
0.00989884
0.02190652
0.01453995
0.02144445
0.00773461
0.00923678
0.03154790
0.00756460
0.01981742
0.04565603
0.01633801
0.03085317
0.04124905
0.02908092
0.02011208
0.05689031
0.00629828
0.00580274
0.04654180
0.02181870
0.03429286
0.03694358
0.01531630
0.02992483
0.00560984
0.00921764
0.00754377
0.02157320
0.03502906
0.02752875
0.00956362
0.05425633
0.00568615
0.02440551
0.02622118
0.04257126
0.04150732
0.03703135
0.00777983
0.01184840
0.04659173
0.02560364
0.01839431
0.02725585
0.02784964
0.01563492
0.01133231
0.01720046
0.04072219
0.02468528
0.04163607
0.03611842
0.02991935
0.01183324
0.02646793
0.02141852
0.04369157
0.02293537
0.05094791
0.01943519
0.00899521
0.03971935
0.05432769
0.03228552
0.05160535
0.02840655
0.01523526
0.04808429
0.02255959
0.04393895
0.02154208
0.02430925
0.03600784
0.02041316
0.03905685
0.01961742
0.00964344
0.00620140
0.03161301
0.04267203
0.00641477
0.00627381
0.01350490
0.00777877
0.00545750
0.02689643
0.02096534
0.05059875
0.00927281
0.02189778
0.01098994
0.02947138
0.04797057
0.02667940
0.02961053
0.02145918
0.00650153
0.02494611
0.02895059
0.01465395
0.00563410
0.01521118
0.00637641
0.00553978
0.01130976
0.01129475
0.02073429
0.01378604
0.01128201
0.01000334
0.04198546
0.00971240
0.04613359
0.01357399
0.01102663
0.02285605
0.01077515
0.00914628
0.02927564
0.02447321
0.02739843
0.00596174
0.01370272
0.02805553
0.02614388
0.02751594
0.04426239
0.02075821
0.02473000
0.03255423
0.02658588
0.01165966
0.04538813
0.02629606
0.00541051
0.01891387
0.03887883
0.02265140
0.03643007
0.02643909
0.03564154
0.02053308
0.03411158
0.04060219
0.03483520
0.01696489
0.02220926
0.01606839
0.00795000
0.02595624
0.03175761
0.04181642
0.05427417
0.04365430
0.02744245
0.00652705
0.04648520
0.02367543
0.03913096
0.01197050
0.00961138
0.00895356
0.02862398
0.01102197
0.01133264
0.00824971
0.01404394
0.03090916
0.00984359
0.03919348
0.01034433
0.04461155
0.01021635
0.00636207
0.00958152
0.02246986
0.01676473
0.01241229
0.03615949
0.02626186
0.01937197
0.01129014
0.04518155
0.02292030
0.01735307
0.03025399
0.00704126
0.00672990
0.02127538
0.00989749
0.01025584
0.04654898
0.05409360
0.02562728
0.02618750
0.02060027
0.00955742
0.01208557
0.00945714
0.00900397
0.00721335
0.03350710
0.02752518
0.02840910
0.02401550
0.01963269
0.00970263
0.00940801
0.03747458
0.02269802
0.02359433
0.00930229
0.03527791
0.04300319
0.01345437
0.01132726
0.00836388
0.01573539
0.04011870
0.01024819
0.02285846
0.02397626
0.03981273
0.02220304
0.01463360
0.02059915
0.04214419
0.01401977
0.00923091
0.04296617
0.02489208
0.05530092
0.02520645
0.01428935
0.02744807
0.01719581
0.01295610
0.01331849
0.02522958
0.01290657
0.01419013
0.05210928
0.00813717
0.04735282
0.02342189
0.03085376
0.01506549
0.03693014
0.01794563
0.04529343
0.02649142
0.02150225
0.03053405
0.05247235
0.04238319
0.02216847
0.02555084
0.04693238
0.03485611
0.02796907
0.01421480
0.02438827
0.02527606
0.02046188
0.02024864
0.00842917
0.03955907
0.04132494
0.01718018
0.01665163
0.01818973
0.02747274
0.03621006
0.01031552
0.00926963
0.04712487
0.01852731
0.01353378
0.01710394
0.03249087
0.01442526
0.02690724
0.05428387
0.00755253
0.01398166
0.05707099
0.01575667
0.02969231
0.03411825
0.04561232
0.01396287
0.01247340
0.04212394
0.01818723
0.03081800
0.02543141
0.02436514
0.02420018
0.03355245
0.05056194
0.02427039
0.01860323
0.00519511
0.00638724
0.00977572
0.01152839
0.01280211
0.03236819
0.02241069
0.05660406
0.02148238
0.03207631
0.01595431
0.03045158
0.03277293
0.04012458
0.03328785
0.01791574
0.02818373
0.02196775
0.04152775
0.02521082
0.03010241
0.00982640
0.04117891
0.02323374
0.03535707
0.03501333
0.02323599
0.03924019
0.01899675
0.00581644
0.04323254
0.01070500
0.01498767
0.02758077
0.00809198
0.01258448
0.01648521
0.02346016
0.04884781
0.05406319
0.02889852
0.02314484
0.02261462
0.04530101
0.02391762
0.01200810
0.03064376
0.04299437
0.03146986
0.01108434
0.02467592
0.01814216
0.01892636
0.01528046
0.04861518
0.04403855
0.01953713
0.02831310
0.02940549
0.04669817
0.02667868
0.02023804
0.02257346
0.00532104
0.02242787
0.00766118
0.01532170
0.03609012
0.01323287
0.01445124
0.02464000
0.02182599
0.05275767
0.01428419
0.00760506
0.01987137
0.00819389
0.03520389
0.03450323
0.01808698
0.04580833
0.01031509
0.01956217
0.01032535
0.02627905
0.02340052
0.01905997
0.02487201
0.00800713
0.01246170
0.00619690
0.01075820
0.02525498
0.02405633
0.00976064
0.02698651
0.04403709
0.01496991
0.04191282
0.00774921
0.01751900
0.02778068
0.01160637
0.02203555
0.02404950
0.01437460
0.01206132
0.02545464
0.01839638
0.01833790
0.02565477
0.00913368
0.03413221
0.04046297
0.00967207
0.03605176
0.03831669
0.04277888
0.04584950
0.03109914
0.02875036
0.02183030
0.01980617
0.03914845
0.00869181
0.01443361
0.00959919
0.01922222
0.02549608
0.01187722
0.00716909
0.02513916
0.00618692
0.00861713
0.03066945
0.01891131
0.00644172
0.01551891
0.02425282
0.02881530
0.02576961
0.02882402
0.02633366
0.02863531
0.00737905
0.02219816
0.01611356
0.00996991
0.01670541
0.02250331
0.00711716
0.02755864
0.02417000
0.04681181
0.01228488
0.02485298
0.04440391
0.01434262
0.02594968
0.00678418
0.02001077
0.01668933
0.05397136
0.04434640
0.02864728
0.02127177
0.01993330
0.03133127
0.02773239
0.03800290
0.01856470
0.05468023
0.01415945
0.03820203
0.01973535
0.02433735
0.02614133
0.02012928
0.01372444
0.04103235
0.03452222
0.00813054
0.03722011
0.02679910
0.01607111
0.00773118
0.02219795
0.01125134
0.03265348
0.00774606
0.01137565
0.03740776
0.04836210
0.04717075
0.05148802
0.00749406
0.03292668
0.01124785
0.02187757
0.01101066
0.03098996
0.04291303
0.01348087
0.02742736
0.00749199
0.03451541
0.02539514
0.05007233
0.02677275
0.00810698
0.02364062
0.02814988
0.03414004
0.05783640
0.02667710
0.04403392
0.05280800
0.01514452
0.00831857
0.02338582
0.00505797
0.05203277
0.02556399
0.01864388
0.01526528
0.00608552
0.02086820
0.01290965
0.03479231
0.01105448
0.05947772
0.05030357
0.04622423
0.02197922
0.01520345
0.00753588
0.02421998
0.05136250
0.04350184
0.05713550
0.00522044
0.04500885
0.02406960
0.01372611
0.02370710
0.05137255
0.02046094
0.05374635
0.00611623
0.02176844
0.03075802
0.00629881
0.00612699
0.03487860
0.01392555
0.01747299
0.02713237
0.01368454
0.05956006
0.02017636
0.05010992
0.01336617
0.02096070
0.03499738
0.01347681
0.03187240
0.00825084
0.01961671
0.02401707
0.02677897
0.02146436
0.01651123
0.01591689
0.00751453
0.01683404
0.04439349
0.03295395
0.03267798
0.02952433
0.05107375
0.00741593
0.02919345
0.03752823
0.00984409
0.01539213
0.00795757
0.05648953
0.04873590
0.01568850
0.00556851
0.01522686
0.02431932
0.00591416
0.01401771
0.05348246
0.04320495
0.01195186
0.02761834
0.02341502
0.03168562
0.02553789
0.01761818
0.02402475
0.00896373
0.01603387
0.02669201
0.05584806
0.01270908
0.05413970
0.02663836
0.01164537
0.04022415
0.03028524
0.02452884
0.04763006
0.01542152
0.03897937
0.03308692
0.03743894
0.05695647
0.02911559
0.04250394
0.00806204
0.01003315
0.02462500
0.02103890
0.00883074
0.03513744
0.01876755
0.04970057
0.01112575
0.02226411
0.01150960
0.01001764
0.02182811
0.02705206
0.05022615
0.01437029
0.01634385
0.05167628
0.02193160
0.03951773
0.00959618
0.02020214
0.01905022
0.01612122
0.01427528
0.01724096
0.01516043
0.00823522
0.05230043
0.03799955
0.01797160
0.05372955
0.01726884
0.01019879
0.00619415
0.01514930
0.03043657
0.00503291
0.05065714
0.03409337
0.04240753
0.02511274
0.01340247
0.01843385
0.00812690
0.01849059
0.00562027
0.04708065
0.02180638
0.01171314
0.01116956
0.02181806
0.03948935
0.01642537
0.02123462
0.00926852
0.03846325
0.01293259
0.04398205
0.01215906
0.00670623
0.04897954
0.02701668
0.02143271
0.01091577
0.02220449
0.02652485
0.01457303
0.00820825
0.00561731
0.02630888
0.02094962
0.01796773
0.01726402
0.02513830
0.01759172
0.01587696
0.01044541
0.01197927
0.01180993
0.03323848
0.01033727
0.01796588
0.00915419
0.02403685
0.00649487
0.01779653
0.00843798
0.01637756
0.04638678
0.00942885
0.01267936
0.01546517
0.00812586
0.01448214
0.05449482
0.05008628
0.00746270
0.00934920
0.03151902
0.03502649
0.02842815
0.01872894
0.02191357
0.05117199
0.00614426
0.03161527
0.05065488
0.01650198
0.01165805
0.01906927
0.01301014
0.01846954
0.02300540
0.01822180
0.00782991
0.02621712
0.01770224
0.00721197
0.02763017
0.02482546
0.01874380
0.01030271
0.01051716
0.02439255
0.02350137
0.05273248
0.00890340
0.01556998
0.03167045
0.02076138
0.02321774
0.01790132
0.01359992
0.02219699
0.01112260
0.00701872
0.02584960
0.01992058
0.01972404
0.00898671
0.00585181
0.01867334
0.01800608
0.00860798
0.02728918
0.03418402
0.03324708
0.04344743
0.02330067
0.01357829
0.02578046
0.02614297
0.01287255
0.01212723
0.01683428
0.05354919
0.05002746
0.00962436
0.02605950
0.02112754
0.01168306
0.02660370
0.02105035
0.01401630
0.04520017
0.02251138
0.03106075
0.01423812
0.02462067
0.03271633
0.02132709
0.01730083
0.01163171
0.00504885
0.01981226
0.02869856
0.01600919
0.04242299
0.02436562
0.03061984
0.03454804
0.04733277
0.00754318
0.00810375
0.02264651
0.00826119
0.02107058
0.00701330
0.01821952
0.02390119
0.03170509
0.05058336
0.02572839
0.01664961
0.01778718
0.02859052
0.05757095
0.01776235
0.01445915
0.01322715
0.01314096
0.01506794
0.01332355
0.01706068
0.02043892
0.03273720
0.02783534
0.00931224
0.00587107
0.03338273
0.02744604
0.03753910
0.02242115
0.02076866
0.00676295
0.01558613
0.02500263
0.03335427
0.00859089
0.04010190
0.02940705
0.01077583
0.01492687
0.03092123
0.03942871
0.03704700
0.00604933
0.02477239
0.02571338
0.01734355
0.03532423
0.01679653
0.01547446
0.03277881
0.03284070
0.00533757
0.03198553
0.01340853
0.01669645
0.03744488
0.04189114
0.01892731
0.01534882
0.00921834
0.02412157
0.01155223
0.00981837
0.02586703
0.04150032
0.01353670
0.03051749
0.05548123
0.00616927
0.03001333
0.04750809
0.05046500
0.00714204
0.03135202
0.01479749
0.05037056
0.02117751
0.00804226
0.02319446
0.02553890
0.04455357
0.00553812
0.01377855
0.02660367
0.02726197
0.00720929
0.03391472
0.02002803
0.01145677
0.03541908
0.02391824
0.02919918
0.01170299
0.02045491
0.01362514
0.02640560
0.01110263
0.03822156
0.02018289
0.03055590
0.01145705
0.01024141
0.04187219
0.00753743
0.00943044
0.01291753
0.02334381
0.04101667
0.02083952
0.02193318
0.02855814
0.02038115
0.01879443
0.01812257
0.00550505
0.01027176
0.04773220
0.01745291
0.05452513
0.03164619
0.01720415
0.00649595
0.04322170
0.01377201
0.04360134
0.00597410
0.01728976
0.02376030
0.03777097
0.01913833
0.03756656
0.01052619
0.01010279
0.01262539
0.01219052
0.01193888
0.01069082
0.00826354
0.00909968
0.01487134
0.03085210
0.01913570
0.01463940
0.01149601
0.01754232
0.00660301
0.01473614
0.05639459
0.02378465
0.04518544
0.00607083
0.01760815
0.02286157
0.00586761
0.01561947
0.01946107
0.02239312
0.01301065
0.01525488
0.03132768
0.03069516
0.00638007
0.02787280
0.01304388
0.02255891
0.01351325
0.03288814
0.01117933
0.00675402
0.01134719
0.01373573
0.01291223
0.03943179
0.02873399
0.04001640
0.02382632
0.01698934
0.02517607
0.00574866
0.01581562
0.01824491
0.01039365
0.02740621
0.02722885
0.00699040
0.05372973
0.01764612
0.01703820
0.00915030
0.01526452
0.02405710
0.05053202
0.00866865
0.03217463
0.04860254
0.00630211
0.00932442
0.02190022
0.00995860
0.02131656
0.03838769
0.04749519
0.00547141
0.02600231
0.00998117
0.01654289
0.01955108
0.04584705
0.03130417
0.02549095
0.01708510
0.00874135
0.03004535
0.01172429
0.02663089
0.00927386
0.01213870
0.01374220
0.05318041
0.04305086
0.02136500
0.00736008
0.03138231
0.02178844
0.05915642
0.01975236
0.00853917
0.03153577
0.03288265
0.02029195
0.02871425
0.04039537
0.02714989
0.03212633
0.02964666
0.01438219
0.03416728
0.02121824
0.04605809
0.01851566
0.03118631
0.02111429
0.00843278
0.00708353
0.00620037
0.00563832
0.01897909
0.03898469
0.00675821
0.01394443
0.00528359
0.03371371
0.01847556
0.01408042
0.01148571
0.04309541
0.00866387
0.02359421
0.00810807
0.04334263
0.02812894
0.00618033
0.04170734
0.05817682
0.02275061
0.05026349
0.04292121
0.02819199
0.01849915
0.01033879
0.02067731
0.03090411
0.02391426
0.02634763
0.03252014
0.04804816
0.00686150
0.04119571
0.01444228
0.01397681
0.04624415
0.00927172
0.03359784
0.01745685
0.04371564
0.01991166
0.02497416
0.02728388
0.00984342
0.04310313
0.02091286
0.03917847
0.02461766
0.02598299
0.02295105
0.01010608
0.01753170
0.00527680
0.02597092
0.03062133
0.04201328
0.01511857
0.03776357
0.03024051
0.02248120
0.00670693
0.05144866
0.04623935
0.02690451
0.01637797
0.03972857
0.04614811
0.00675775
0.01209697
0.03184160
0.01321071
0.01459072
0.02837650
0.05631814
0.02811635
0.00696696
0.01358724
0.05225477
0.03401879
0.01397472
0.02751595
0.03509946
0.02797730
0.01150319
0.04714601
0.00788800
0.04092115
0.02885243
0.02657591
0.03456180
0.00649251
0.02682747
0.02417801
0.02919703
0.00837620
0.01314714
0.01567463
0.00644862
0.01257393
0.03934656
0.00810815
0.01105436
0.04185078
0.00787081
0.01555812
0.04184962
0.01729594
0.01073829
0.00587000
0.03680520
0.05665310
0.01761747
0.02035026
0.01900688
0.00671032
0.02742170
0.02928052
0.03336606
0.00578210
0.03198740
0.01671396
0.01216248
0.00936161
0.02153752
0.01471252
0.03770396
0.02044940
0.02161980
0.01488495
0.03335599
0.00878912
0.01530582
0.02952713
0.01009401
0.01197337
0.04803579
0.02715208
0.01364878
0.01895318
0.01358737
0.01967442
0.01301303
0.01148006
0.03169748
0.01587105
0.00648341
0.01653611
0.00675098
0.01026234
0.04634928
0.00873504
0.01929222
0.00710298
0.03100682
0.01525057
0.02503030
0.03924314
0.01041785
0.01657143
0.02508609
0.01511847
0.01599474
0.04500667
0.02777610
0.00637655
0.01120689
0.02861722
0.02431827
0.00570158
0.01401078
0.01658521
0.00789489
0.00893057
0.02172933
0.03184409
0.01239313
0.02029039
0.01157909
0.00999104
0.00631707
0.03626487
0.01886846
0.02837651
0.01127712
0.01560740
0.02874066
0.04569103
0.00914432
0.02659389
0.03168388
0.01536317
0.01474019
0.03564611
0.01081293
0.01374573
0.00959572
0.03491814
0.02933064
0.01372417
0.04090154
0.02295996
0.02452696
0.04483976
0.03002586
0.00952427
0.01087038
0.05591335
0.02150142
0.02880240
0.00626562
0.02855729
0.03384043
0.03822496
0.05347465
0.00956630
0.00806266
0.00581147
0.01449810
0.02590096
0.04601916
0.02031822
0.02764329
0.02865614
0.04616396
0.02232724
0.03239956
0.01533934
0.00667576
0.02568217
0.00526926
0.01246104
0.01815638
0.04647792
0.02141346
0.03379214
0.01935445
0.02533601
0.03042249
0.01918998
0.01001155
0.02196217
0.03126326
0.05600454
0.02744351
0.02658467
0.02432870
0.02884427
0.03733238
0.00896921
0.01848931
0.00556051
0.03801451
0.01411380
0.02745483
0.00819982
0.01831393
0.00521836
0.02354637
0.00761941
0.04076975
0.02243876
0.01759545
0.00576436
0.03021645
0.04117213
0.02173107
0.00592578
0.03338190
0.03177089
0.01033047
0.02902529
0.00674512
0.02907362
0.01335092
0.05084044
0.02435701
0.01110996
0.03080052
0.02664903
0.03783059
0.04201373
0.05510159
0.01323279
0.00762699
0.03958355
0.05528660
0.00983604
0.02855488
0.05464992
0.01064723
0.01232080
0.01222346
0.03358973
0.00792150
0.03225670
0.05179186
0.04388169
0.01774097
0.01695747
0.03112114
0.01588318
0.01141560
0.04229975
0.03535740
0.02597160
0.02711136
0.04117701
0.01920497
0.04193805
0.03591338
0.02279502
0.03063273
0.01368536
0.03698701
0.01322831
0.01643485
0.03963131
0.00605273
0.05427510
0.05255556
0.03804650
0.02115262
0.02625495
0.03166311
0.02889853
0.05412450
0.03154718
0.01228226
0.01185651
0.00569446
0.04863662
0.03505297
0.02177985
0.02867789
0.01580876
0.02624630
0.01264489
0.03147538
0.03081607
0.00685153
0.02717860
0.04250378
0.03126286
0.05450144
0.01653975
0.02873879
0.03007337
0.03445636
0.03469930
0.03673560
0.03603669
0.02433197
0.03495827
0.01601143
0.02509514
0.01316828
0.03019558
0.03201779
0.03180820
0.01399223
0.02343337
0.01989529
0.04137411
0.02979389
0.04650347
0.01126334
0.03942245
0.02304486
0.03952401
0.00619787
0.02471209
0.03057962
0.00547884
0.04491560
0.01669358
0.03228736
0.00794740
0.02514921
0.01162953
0.03292933
0.00889703
0.00533300
0.00973405
0.01279163
0.01171207
0.05550019
0.00607674
0.03117955
0.01984958
0.03824490
0.03531680
0.01139429
0.01944074
0.02823713
0.01545731
0.01902089
0.02401488
0.04806621
0.04950557
0.00874493
0.01672347
0.02911556
0.00828497
0.02725882
0.02413670
0.01603456
0.01161803
0.01199472
0.04994276
0.01731371
0.04500335
0.01662591
0.01552139
0.01732728
0.01070571
0.02407386
0.02506310
0.03104419
0.02162041
0.00765306
0.04459916
0.01761476
0.01388353
0.02620946
0.00962608
0.01307871
0.01908853
0.02236721
0.01501949
0.05702900
0.01002317
0.02828364
0.03013202
0.01607017
0.04061658
0.01733329
0.01503742
0.03759345
0.01899695
0.02398856
0.03243985
0.01992627
0.01391110
0.02882441
0.01519888
0.04969343
0.03220364
0.02430941
0.00618548
0.00875091
0.00575697
0.03045235
0.02129470
0.03636143
0.01791754
0.01990185
0.02096945
0.04874608
0.05930104
0.03382358
0.01112599
0.03098198
0.02261382
0.05611279
0.01838106
0.02244400
0.00996063
0.02294667
0.00845107
0.01350690
0.02924094
0.01777045
0.02669804
0.02408934
0.05922161
0.01448908
0.05410540
0.02793401
0.02148558
0.02556718
0.01533529
0.04025551
0.00811645
0.02741698
0.01176425
0.04932342
0.01996483
0.03838628
0.03027172
0.01021819
0.01414522
0.01836598
0.04082649
0.02227036
0.00990226
0.02256540
0.04864570
0.00722112
0.03852822
0.02477947
0.02891412
0.02517334
0.05453383
0.01096948
0.02449994
0.03071033
0.01251144
0.03244627
0.00787916
0.01841231
0.03850646
0.03521007
0.01415500
0.03967157
0.02109708
0.02641458
0.00760561
0.01127055
0.04171381
0.02569078
0.03184393
0.02281339
0.00901438
0.01254850
0.02368274
0.00945101
0.01383926
0.01226278
0.01465882
0.04568635
0.00589041
0.00855867
0.01164978
0.03152229
0.03292696
0.02895256
0.03336090
0.01855020
0.02208868
0.01128958
0.01086832
0.02355633
0.02720278
0.02196381
0.02334437
0.01026849
0.01010732
0.01647761
0.04452275
0.03661087
0.05539770
0.01262905
0.01514218
0.02161994
0.00531983
0.01867708
0.02499821
0.02588734
0.01470539
0.01316760
0.00610150
0.01906451
0.00891976
0.04168015
0.01303868
0.00636542
0.03358323
0.03078990
0.01295744
0.01490802
0.05799829
0.02439421
0.03565895
0.01497728
0.01406719
0.01571559
0.02168521
0.01721454
0.01053267
0.02450183
0.02108855
0.01510587
0.01890153
0.03093028
0.03220232
0.01362285
0.02347635
0.00526961
0.01134584
0.04236642
0.02278519
0.01442606
0.00572598
0.02568535
0.02526387
0.01329342
0.01202696
0.02423248
0.02330746
0.03626651
0.02157700
0.02645927
0.01429756
0.03579193
0.03716762
0.02860107
0.01377222
0.02128906
0.03518650
0.03612813
0.05640385
0.00765315
0.00927351
0.01113247
0.04646243
0.01633449
0.00873999
0.01988033
0.03680458
0.00596563
0.03812248
0.01589483
0.03539273
0.05478842
0.01899441
0.01064214
0.03781708
0.01495747
0.00836750
0.01077015
0.01190171
0.03863394
0.00684182
0.00552992
0.04559459
0.01199987
0.01177146
0.03911340
0.03427091
0.03225182
0.03515268
0.00771466
0.04390669
0.01113229
0.03296613
0.02061854
0.03629141
0.00872072
0.03420733
0.00775002
0.00867267
0.01905743
0.01771346
0.01846812
0.03092900
0.00798810
0.02751621
0.03382978
0.01433873
0.02456074
0.01337623
0.00915811
0.01173147
0.04728557
0.02061853
0.02418696
0.02876663
0.03244516
0.01309679
0.02447212
0.01797672
0.02334541
0.03794610
0.02887793
0.04500309
0.02877012
0.01771536
0.02524815
0.04899869
0.05319677
0.05244944
0.02550769
0.04707729
0.03056065
0.02030597
0.03853896
0.02810552
0.00794761
0.02902696
0.05945587
0.01941576
0.02997350
0.02080567
0.02072091
0.03855130
0.01319426
0.01005364
0.03874564
0.04416455
0.05725618
0.03719711
0.01001639
0.02435915
0.00826344
0.00610835
0.00674386
0.02490415
0.00650238
0.04414741
0.02433588
0.01236068
0.01462877
0.03980525
0.02659168
0.01541382
0.01371027
0.02706033
0.02314963
0.03624181
0.03766458
0.04864868
0.01275679
0.01660521
0.04422141
0.02236929
0.02969228
0.04363939
0.01464004
0.01018026
0.03625222
0.02369505
0.04625868
0.01759633
0.04220964
0.02618133
0.05115688
0.01779678
0.03831293
0.05181548
0.03453398
0.02385343
0.01115932
0.03389567
0.05152468
0.03830530
0.00793143
0.01358603
0.00985046
0.01786633
0.01117213
0.03144079
0.01872861
0.03208967
0.03969268
0.01593398
0.02446292
0.01594478
0.02837132
0.01333248
0.03406969
0.01847839
0.03053932
0.01858192
0.00988886
0.00538170
0.02441126
0.01367019
0.03482253
0.01114958
0.03928325
0.02999605
0.02227402
0.02421056
0.00615950
0.02797711
0.03997429
0.00565584
0.02605851
0.02074968
0.01813465
0.00926273
0.05366575
0.01269045
0.02371107
0.02285376
0.05629629
0.02350581
0.01219582
0.02232320
0.02223536
0.04538724
0.03093836
0.00524013
0.01057012
0.02018822
0.01118520
0.00560087
0.02608963
0.03043345
0.04408840
0.01176984
0.02098882
0.03092501
0.03042733
0.01099098
0.02651464
0.05967704
0.01385553
0.05473192
0.01807887
0.03302749
0.01197770
0.00573511
0.04575449
0.01704713
0.01770335
0.02462245
0.01393521
0.02017051
0.01418750
0.00615556
0.05702994
0.01619772
0.01582521
0.00511267
0.01555281
0.04069848
0.02842938
0.01690278
0.02891916
0.02215187
0.01878794
0.00756537
0.02555177
0.03530504
0.02616553
0.04370603
0.00921744
0.00932249
0.02208461
0.05966912
0.02684453
0.04928235
0.03044700
0.03129046
0.02474245
0.02646698
0.03006404
0.00756566
0.05215974
0.01795846
0.01751096
0.03194069
0.02113345
0.00743489
0.01243752
0.00542648
0.03044794
0.01447228
0.01243575
0.01464892
0.02131660
0.02167723
0.03877103
0.01560274
0.03446947
0.01370884
0.03406059
0.01441192
0.03140618
0.04502593
0.04063825
0.01494976
0.02939622
0.01263724
0.00987417
0.03984054
0.02222051
0.00592922
0.02023384
0.05878685
0.01751140
0.01532933
0.01304839
0.01705408
0.01727842
0.01471118
0.03396645
0.02328703
0.00827911
0.03567583
0.03162219
0.01533024
0.01551128
0.00838747
0.03596004
0.02887167
0.03191078
0.02711710
0.03060066
0.01972409
0.02953540
0.03750391
0.03053087
0.02799279
0.00623512
0.01888346
0.00612951
0.00886303
0.05807418
0.01264297
0.02617425
0.04348767
0.02949183
0.00539670
0.02618488
0.02077587
0.01108370
0.01834126
0.03566246
0.02056484
0.01548305
0.03239375
0.00551944
0.04266896
0.05165529
0.02674456
0.02376999
0.02367787
0.03391456
0.02134627
0.02094475
0.02673397
0.01593889
0.03307706
0.01245909
0.02251287
0.02715078
0.01216747
0.01834030
0.02669335
0.00827487
0.03469491
0.02976440
0.02021094
0.01972439
0.01034566
0.05331826
0.01259913
0.04755527
0.03954583
0.01146665
0.01365203
0.01156883
0.03715110
0.00897834
0.03805146
0.04545808
0.04887599
0.01666570
0.04457433
0.00510596
0.00602618
0.00813494
0.03769864
0.01723008
0.03831417
0.01796494
0.00759245
0.01842775
0.02418847
0.04154237
0.00706698
0.04458065
0.03394251
0.01298193
0.05500216
0.01700991
0.00739724
0.01195369
0.03570636
0.04170495
0.01292742
0.04605131
0.02298228
0.03146711
0.00631082
0.04278403
0.05410247
0.02423783
0.02922655
0.00638106
0.00911942
0.01321445
0.00656482
0.01161016
0.01891773
0.03180057
0.02930598
0.01719674
0.01282477
0.00870111
0.01157742
0.00988889
0.01313463
0.02865917
0.00604457
0.01102192
0.01878723
0.01298339
0.01963143
0.01252350
0.01495382
0.02150522
0.02382101
0.04170901
0.01598420
0.01307606
0.01461980
0.01755141
0.01793006
0.01886653
0.00748698
0.02010736
0.02427633
0.02856206
0.03322404
0.01638505
0.02555189
0.04012404
0.01229136
0.00855173
0.02732351
0.01465156
0.02080342
0.02050857
0.04784333
0.03832942
0.03032042
0.03538186
0.03728325
0.03833187
0.01478731
0.04160089
0.01999456
0.01447969
0.01743009
0.01032071
0.02295193
0.04051345
0.02913429
0.00790955
0.03127171
0.00806806
0.01284371
0.02080846
0.03151917
0.03428452
0.01507494
0.02963565
0.01273667
0.03456389
0.02676807
0.03575115
0.02102780
0.03580122
0.03250277
0.02512747
0.00645270
0.02130552
0.04184246
0.02659532
0.01308745
0.04775003
0.01567739
0.02173805
0.02066044
0.03860586
0.02330987
0.05205961
0.03977795
0.01045814
0.03325410
0.00917129
0.03579609
0.02533887
0.05505891
0.01949464
0.01654814
0.01560147
0.01238331
0.01106727
0.03405384
0.01114084
0.01976304
0.03790784
0.02838230
0.02055657
0.03363851
0.03059497
0.01849004
0.02937117
0.04066738
0.02191473
0.03269242
0.02213918
0.01768872
0.01526890
0.01276390
0.00601157
0.02214774
0.01548114
0.01392870
0.04307022
0.03434797
0.01551059
0.01175423
0.00943093
0.01358400
0.03847131
0.01884648
0.01213140
0.01493046
0.01269158
0.02522438
0.03956024
0.01597273
0.01752288
0.02980536
0.02274466
0.01089695
0.03995428
0.01813627
0.02928615
0.03065916
0.03559481
0.01112134
0.01813134
0.01580167
0.01611589
0.03377155
0.03061564
0.01879156
0.01559766
0.04929479
0.02936504
0.03366737
0.01623638
0.02620484
0.01324658
0.01552843
0.04486954
0.01330579
0.02361122
0.00719965
0.01457930
0.04406606
0.04330983
0.02109203
0.01547136
0.03244789
0.00975294
0.01663898
0.02430467
0.01569395
0.01407651
0.03950855
0.01307751
0.03015385
0.04475312
0.04809049
0.01525890
0.00515561
0.01404605
0.01174064
0.02728821
0.04215659
0.02599187
0.01484423
0.01343280
0.02211077
0.00894139
0.00653666
0.01490893
0.00879163
0.04390220
0.02634538
0.00664295
0.03532516
0.03631882
0.01159996
0.04197456
0.04778922
0.00852532
0.04066696
0.00880334
0.02477708
0.05225513
0.05804274
0.01214453
0.02394940
0.01657887
0.05179635
0.05776281
0.01717599
0.02361028
0.01167155
0.02581261
0.00955481
0.04143827
0.02069696
0.02930194
0.02859677
0.02315516
0.02552099
0.05873375
0.00662112
0.00642441
0.02994662
0.02764100
0.03309755
0.01903596
0.01836340
0.01968389
0.04067359
0.02656598
0.01466337
0.01300836
0.03460757
0.00685682
0.01989572
0.03341641
0.00690652
0.01085194
0.00505536
0.03526102
0.01486115
0.00779510
0.01657392
0.03880300
0.03707284
0.03947541
0.02778454
0.01832468
0.02106277
0.01330114
0.03707361
0.01771320
0.00586660
0.04401031
0.04065174
0.04831530
0.02028639
0.01996968
0.01136503
0.00923792
0.02251032
0.02041917
0.02487028
0.01082497
0.01758388
0.02153441
0.04353319
0.02604273
0.02416434
0.01395202
0.03885000
0.05602797
0.00888808
0.02145253
0.01838702
0.02806614
0.00588105
0.01236989
0.04975905
0.04245858
0.04689959
0.02800322
0.01394658
0.01253605
0.04311746
0.00959246
0.01284922
0.03453061
0.00642724
0.02289784
0.01802385
0.03141291
0.05195960
0.03083480
0.02396741
0.02279453
0.00953021
0.03617230
0.03992554
0.01704316
0.02572666
0.01549251
0.04873757
0.03708119
0.03048647
0.00590005
0.05852155
0.01825555
0.02680931
0.04131012
0.04251677
0.02313788
0.02085494
0.01764672
0.04512954
0.00751248
0.03295066
0.01109652
0.02853093
0.01799798
0.01164778
0.02766669
0.00615561
0.02963444
0.01168484
0.03267860
0.04209024
0.01417429
0.03874215
0.02081592
0.02985561
0.03884194
0.01230708
0.04100963
0.01243148
0.02873024
0.02118951
0.00730053
0.00962298
0.02870218
0.02306869
0.01910965
0.03124973
0.01098776
0.01602761
0.02896888
0.00761659
0.01900736
0.02245250
0.03678526
0.04964440
0.00792467
0.00929584
0.02036655
0.01302261
0.05186380
0.01194471
0.00974036
0.01402686
0.02792726
0.01338098
0.01324006
0.00551485
0.03446310
0.02245281
0.01321701
0.03044935
0.01807260
0.04852178
0.01335091
0.01230134
0.02274344
0.01463358
0.03526711
0.01282018
0.03581948
0.01636687
0.03294001
0.02069368
0.01795262
0.02703062
0.03264721
0.01195486
0.01957909
0.00994415
0.03881971
0.02845854
0.01107329
0.02825010
0.00600126
0.01657337
0.02189674
0.01865083
0.01135152
0.00674016
0.00605446
0.04559696
0.01212459
0.01932409
0.02794717
0.01195343
0.02579441
0.04213238
0.00740314
0.02152632
0.00891913
0.02021136
0.02760136
0.00686990
0.03552905
0.02119983
0.03121692
0.00599235
0.00507198
0.03922424
0.01205107
0.00566079
0.02007912
0.04162562
0.00682141
0.02656776
0.01578090
0.04367549
0.02746045
0.01368998
0.03053990
0.03633474
0.00852090
0.01374055
0.02472545
0.04474509
0.01015644
0.05748380
0.01379553
0.05083292
0.01884849
0.02558852
0.02461655
0.04189117
0.01108263
0.03569629
0.01314240
0.04529868
0.00711397
0.03052526
0.03647325
0.05129820
0.05377861
0.02931096
0.01705438
0.04871714
0.00559458
0.02883164
0.01882818
0.01211089
0.00959624
0.02761683
0.02877476
0.00837559
0.02318246
0.02284613
0.03962032
0.02350962
0.00770213
0.03686300
0.03582241
0.01070982
0.02559360
0.01469076
0.02764626
0.01229881
0.00635758
0.02874318
0.02835137
0.03379487
0.00974904
0.01414168
0.01964982
0.01672871
0.02057508
0.01500953
0.00893732
0.00911060
0.05027137
0.02821438
0.01918996
0.00774443
0.03492190
0.03382941
0.02563368
0.03180342
0.02255441
0.02252489
0.03904124
0.01278578
0.03629596
0.02228220
0.01340607
0.02649103
0.02098047
0.01537464
0.05278926
0.01162061
0.02334577
0.00596521
0.01404271
0.04218233
0.02942355
0.00745512
0.03473469
0.02120678
0.02763390
0.05416049
0.03239920
0.02379301
0.03762968
0.01083014
0.01215191
0.03909560
0.02434184
0.03279340
0.02621606
0.00773612
0.05856759
0.02583315
0.02449173
0.04286632
0.01851289
0.02337533
0.01787307
0.01611348
0.02837367
0.04961178
0.00637695
0.03564115
0.03228635
0.01873648
0.05486780
0.01018239
0.04503009
0.02564632
0.03649410
0.00678125
0.05245192
0.03578798
0.00570236
0.02055315
0.01739606
0.02816941
0.00889508
0.01567572
0.05113365
0.01082178
0.00897538
0.00854269
0.02379262
0.01720431
0.05134907
0.02915785
0.01553538
0.02217628
0.01731695
0.02569823
0.01100305
0.01509499
0.01421747
0.03271396
0.01902512
0.03122850
0.01963790
0.02640977
0.03803192
0.02916975
0.02540829
0.01401903
0.01863764
0.01524459
0.00671802
0.05700677
0.01646788
0.02508980
0.03955779
0.01609962
0.01509187
0.01207593
0.02660282
0.02585945
0.01006631
0.01630865
0.02757730
0.04243650
0.04249417
0.02400499
0.03951879
0.01782833
0.01077335
0.03034248
0.02000871
0.01106561
0.02406840
0.01817133
0.01905334
0.05401468
0.02853922
0.03655883
0.01852832
0.02323146
0.01317151
0.03328415
0.01370261
0.00724784
0.04449667
0.04400155
0.01149827
0.04495043
0.02676264
0.01935865
0.03817607
0.02921164
0.05383990
0.01085907
0.01083030
0.02008464
0.03849111
0.00922871
0.04769303
0.00562079
0.03962025
0.01210961
0.01885799
0.00645524
0.02556891
0.03391845
0.03697722
0.02691918
0.04183079
0.01886515
0.03590653
0.00594128
0.04912928
0.03777567
0.01653447
0.02106721
0.02537568
0.03205744
0.01082046
0.04510046
0.01686181
0.01220549
0.01083269
0.02020048
0.01808590
0.01896837
0.01763515
0.01230383
0.02541563
0.00921469
0.02473978
0.01541822
0.02776042
0.01795530
0.01528957
0.01662114
0.03909951
0.01568983
0.02559407
0.01134410
0.04731662
0.01389151
0.03532073
0.02876727
0.00782326
0.00809532
0.00952098
0.00684645
0.04088423
0.00988851
0.01852729
0.01089076
0.02038208
0.01548743
0.01540386
0.04262104
0.02433326
0.01881028
0.02405495
0.04553538
0.02494216
0.03576275
0.02244689
0.03029074
0.00639804
0.02597849
0.02435499
0.02748362
0.01543459
0.04617795
0.02828689
0.04271972
0.03764330
0.01055006
0.01161543
0.00654436
0.02930967
0.01124529
0.01969313
0.01186296
0.02811831
0.01557962
0.00593601
0.03952905
0.02518833
0.01532759
0.02659281
0.01697057
0.02445500
0.01602304
0.03241110
0.01295045
0.01968470
0.02071728
0.04064409
0.04776987
0.01373371
0.03027973
0.01736248
0.02295860
0.00969382
0.01629824
0.01372802
0.00660388
0.01025827
0.05643436
0.01764844
0.02915452
0.02715158
0.02605454
0.02006944
0.03248474
0.00636691
0.01098461
0.01226007
0.03202944
0.02503171
0.01029636
0.01491245
0.03574374
0.01632406
0.04262133
0.03223796
0.03181645
0.01166247
0.00674143
0.03063895
0.01258096
0.04075123
0.01761623
0.04472493
0.04571464
0.03003288
0.01805196
0.00690815
0.01823789
0.02321110
0.00599041
0.00773585
0.02488834
0.01039968
0.02677731
0.03976122
0.01141353
0.00622762
0.02164117
0.01221124
0.01065186
0.00612159
0.01521745
0.05636954
0.01119337
0.03967663
0.01825063
0.02092127
0.02759017
0.01176727
0.04770587
0.02180894
0.01343074
0.01639016
0.03027914
0.00927571
0.01328573
0.01473602
0.02624400
0.03715768
0.05085026
0.04179003
0.01254921
0.03367487
0.00907942
0.01395263
0.01206833
0.01984645
0.03576744
0.04056275
0.01474751
0.04070308
0.03020712
0.01918000
0.00513098
0.02650437
0.03035632
0.03991854
0.03945578
0.01222570
0.01206296
0.01793472
0.03244830
0.01371282
0.02249668
0.01972287
0.02939565
0.01416833
0.01977232
0.03617182
0.00793406
0.05085788
0.02134623
0.01276809
0.00913549
0.01904570
0.03147269
0.05596673
0.02510100
0.05866607
0.02410731
0.01084560
0.02637298
0.02817942
0.02193825
0.03144223
0.00794824
0.03275502
0.00994983
0.03604369
0.04242761
0.02234330
0.00904544
0.04930388
0.01841458
0.02323196
0.02042213
0.03402403
0.04444432
0.03448658
0.00674735
0.02447450
0.04583648
0.04129664
0.03627311
0.03585607
0.05210155
0.01652488
0.02035132
0.04230204
0.00921802
0.04719760
0.02153632
0.03404073
0.01268607
0.01022823
0.04804934
0.03836042
0.05461329
0.03392026
0.04834733
0.02056849
0.01254214
0.05021320
0.02768299
0.01972560
0.02475376
0.05432952
0.00693296
0.03859020
0.04111912
0.01969925
0.04576412
0.02855845
0.00565212
0.01296322
0.03098464
0.01997575
0.04394663
0.04171288
0.02354442
0.01418711
0.04684717
0.00883700
0.00616050
0.01234707
0.01517616
0.01694336
0.02910023
0.04197078
0.01153370
0.00867608
0.00863881
0.04542772
0.00684991
0.00644953
0.04658635
0.01946920
0.00504728
0.01799265
0.03013446
0.02183109
0.02268402
0.02299908
0.01933801
0.02337919
0.00544633
0.01986002
0.01536930
0.03724023
0.00757431
0.01194726
0.03045157
0.00500779
0.00635453
0.00712507
0.05849832
0.01957508
0.03267550
0.03033527
0.02112040
0.00942648
0.03359196
0.01835586
0.03761079
0.04750039
0.05357468
0.00981904
0.02040352
0.01687424
0.01503097
0.01226619
0.01870740
0.04404863
0.02309318
0.04753385
0.00658856
0.02478288
0.05610142
0.01060171
0.02649718
0.02647947
0.03873363
0.02382147
0.02609294
0.05258330
0.05555379
0.03074686
0.02687033
0.04583575
0.00706072
0.03393595
0.04308726
0.02502208
0.02542689
0.02107358
0.04383104
0.02120594
0.03012094
0.05227830
0.02869385
0.00649706
0.02320593
0.01496496
0.04558130
0.01153475
0.01229175
0.00547923
0.02003690
0.02634616
0.02773412
0.02375753
0.05977687
0.01216433
0.02027860
0.01853680
0.02418405
0.01418216
0.02910599
0.03297299
0.00845995
0.04019603
0.00585069
0.03390296
0.01306269
0.01390493
0.00861907
0.02965470
0.03217388
0.01606217
0.03399735
0.02942857
0.02627476
0.02387510
0.00809378
0.03653702
0.00536516
0.03479176
0.04240068
0.01309079
0.04740293
0.03227959
0.01342746
0.01966979
0.01940534
0.01379411
0.02229775
0.02552454
0.01356279
0.00509069
0.00799071
0.02148971
0.03631471
0.00861447
0.01734559
0.01481725
0.01876872
0.05910812
0.03313692
0.02801777
0.00931959
0.03732658
0.04384666
0.03502587
0.02395732
0.03185025
0.04041727
0.02403433
0.03205947
0.02326611
0.03171763
0.00688236
0.01357824
0.01115027
0.02940411
0.00957069
0.03849824
0.05727262
0.03416034
0.00614936
0.05243429
0.02146389
0.03562941
0.01101962
0.02771605
0.00885279
0.03161885
0.02161536
0.03444215
0.00989324
0.01327687
0.02960203
0.02398060
0.01303299
0.01608568
0.02644096
0.00538237
0.01325652
0.01190372
0.00909490
0.04793557
0.01901659
0.04647857
0.01462647
0.01517824
0.01283123
0.02229860
0.03640876
0.01773784
0.04331963
0.02364451
0.01873156
0.01636017
0.03369923
0.00813572
0.02034980
0.01231901
0.01852601
0.01419475
0.02327133
0.02848595
0.02074114
0.02441432
0.04976917
0.05425413
0.02493323
0.01383578
0.02981587
0.00825384
0.04665873
0.01337201
0.01992755
0.01096652
0.01914734
0.02160717
0.01202671
0.02209541
0.01000886
0.02922212
0.02201885
0.01952206
0.01243487
0.01021964
0.01353528
0.01659121
0.02348910
0.02129741
0.02881387
0.00576659
0.04405141
0.01673405
0.00860654
0.02939461
0.01926930
0.02637322
0.02667527
0.02895454
0.04556784
0.03420451
0.04931041
0.00882207
0.01302161
0.02008727
0.01902951
0.02968654
0.02536398
0.02197543
0.03005415
0.01670256
0.01456444
0.00586536
0.01025763
0.03425693
0.02076464
0.04775051
0.02360857
0.04781021
0.00779048
0.03296159
0.02079647
0.04068479
0.03858228
0.02043322
0.01671810
0.00954544
0.04207678
0.02170064
0.01723024
0.00984819
0.05413553
0.03870475
0.03784673
0.01225591
0.03751448
0.03160349
0.01164387
0.01699646
0.02023605
0.02955221
0.02986325
0.01772544
0.04367101
0.01106111
0.01849625
0.01092176
0.03516494
0.01546967
0.04360478
0.02178225
0.01764952
0.04098013
0.02817545
0.01242824
0.01750385
0.02724850
0.01166230
0.01490206
0.01489982
0.00963510
0.01521680
0.01018094
0.02363309
0.02052508
0.03094779
0.02211217
0.02245290
0.01259063
0.02407550
0.00992245
0.03264476
0.03146221
0.01889869
0.02624207
0.02978478
0.01290753
0.01466635
0.01308936
0.01161038
0.01279091
0.02552508
0.02131597
0.02706696
0.01451708
0.00757489
0.01184139
0.02164596
0.01701400
0.03748982
0.01078587
0.01275990
0.01084305
0.03386616
0.00514702
0.02741618
0.02612452
0.04662326
0.01414677
0.00887959
0.03960326
0.03953235
0.02209426
0.01297201
0.02854020
0.01817417
0.03048150
0.01561182
0.01165070
0.01186606
0.02772190
0.04498606
0.01870121
0.04562306
0.01237072
0.01383821
0.02389611
0.00907365
0.00690260
0.03406320
0.04752251
0.04071930
0.02185700
0.01751418
0.01203727
0.02832283
0.01099434
0.00882917
0.04975106
0.01932812
0.02784997
0.03531420
0.02132692
0.04054618
0.01970917
0.04132024
0.02468076
0.01399036
0.05735691
0.02853275
0.02012308
0.00694191
0.00511109
0.02520721
0.01421425
0.05010335
0.02591535
0.00537454
0.01803635
0.02509667
0.02987533
0.01496911
0.00800575
0.01717925
0.01691975
0.01241525
0.01376940
0.04781608
0.03689926
0.02544790
0.01891949
0.01458557
0.01209925
0.03841533
0.00839331
0.01843560
0.04631311
0.00874472
0.01616029
0.00530423
0.01357379
0.01983925
0.02909839
0.02248472
0.04442277
0.01037320
0.01619832
0.02160517
0.03678222
0.03008053
0.00615373
0.02033152
0.04696856
0.04138051
0.02491615
0.03223235
0.00573132
0.01567389
0.03559542
0.01737033
0.05071293
0.02330839
0.04037115
0.03561879
0.01871136
0.01084453
0.00556699
0.01539419
0.04337982
0.03869988
0.00640892
0.02893077
0.02771749
0.00550125
0.02215276
0.05897153
0.03060871
0.01977252
0.01657176
0.03422711
0.05591408
0.03136222
0.02970201
0.01486352
0.01220879
0.02125518
0.02075104
0.00954965
0.01663762
0.02245086
0.00714701
0.00720784
0.01512687
0.01380920
0.00595093
0.04014297
0.01476756
0.03177820
0.01640854
0.02623197
0.02173771
0.01149768
0.01907553
0.00865531
0.03860907
0.00829765
0.02299359
0.01933150
0.01758340
0.02223675
0.00656702
0.02737290
0.04331680
0.01650689
0.01124671
0.02628911
0.05970447
0.03811993
0.05246233
0.02557773
0.03226514
0.00770337
0.03427428
0.00945228
0.01804128
0.02026907
0.03548869
0.01114157
0.02414175
0.00514714
0.03800992
0.03424698
0.01849317
0.01792474
0.03800058
0.01152507
0.01041534
0.01253036
0.02535266
0.02844708
0.02466898
0.01046374
0.02136094
0.03685685
0.01949874
0.01401480
0.01170412
0.01290588
0.02478572
0.01576988
0.02617828
0.01623703
0.01712120
0.00864708
0.00580057
0.03929877
0.00501512
0.01902154
0.01784800
0.01176266
0.01193112
0.00550683
0.00576005
0.03334372
0.01318687
0.02957352
0.03413593
0.01653936
0.02133811
0.01381024
0.03886783
0.01656343
0.02340496
0.02566275
0.05017473
0.03740511
0.04040996
0.01358352
0.00690577
0.01727407
0.03770963
0.01919842
0.04338975
0.01802497
0.04042708
0.01294152
0.02301429
0.03155402
0.04873797
0.00660456
0.01410798
0.04385524
0.01541597
0.02356939
0.01375801
0.00545084
0.01240996
0.02706610
0.01437023
0.02119343
0.02299162
0.04085803
0.03535433
0.01330416
0.05336041
0.03211972
0.04540529
0.00598632
0.01844993
0.02824165
0.01520200
0.02420165
0.00653702
0.02803828
0.00699640
0.01115097
0.04108323
0.02790133
0.03843339
0.01836287
0.03707746
0.04900691
0.02789144
0.02433241
0.01248891
0.02422286
0.02713333
0.00933433
0.02249261
0.05280103
0.03489568
0.04283755
0.03864943
0.02861043
0.00657887
0.01477082
0.04274603
0.01681362
0.03486928
0.03328848
0.01580299
0.03135583
0.03678137
0.01342898
0.01312146
0.03149907
0.00925471
0.03966133
0.03100584
0.05392113
0.02309460
0.01220527
0.00712705
0.01951388
0.00789599
0.01549318
0.02681572
0.00702784
0.01808438
0.03238050
0.00929382
0.01358401
0.01807696
0.03991169
0.00866197
0.04064030
0.01161243
0.01910953
0.00777336
0.03881063
0.03778894
0.02091603
0.02187011
0.00755973
0.01172908
0.01302692
0.01329504
0.05262636
0.03516664
0.04155038
0.03269080
0.03076731
0.04664467
0.01907304
0.02184482
0.03473680
0.02709102
0.02146847
0.01414255
0.01143800
0.03231428
0.02091950
0.01199192
0.00920140
0.02328275
0.01924882
0.01991172
0.01165599
0.02754218
0.01337253
0.02125415
0.02599485
0.01148409
0.01151141
0.00814504
0.02582214
0.00957629
0.03297812
0.02543158
0.02476717
0.03588439
0.04827307
0.02898193
0.01561546
0.02155011
0.04094760
0.00932620
0.02595983
0.01626397
0.03818593
0.01857372
0.02393934
0.05207626
0.02668135
0.01129163
0.02099381
0.01003357
0.02251268
0.01652517
0.05854882
0.05575661
0.04562597
0.02089247
0.02475282
0.02659436
0.00879790
0.05213191
0.01153926
0.04144653
0.03809243
0.02509827
0.01047025
0.03453839
0.03722100
0.01327436
0.02826500
0.00636039
0.01340318
0.04847307
0.03041727
0.02002386
0.01145412
0.02874436
0.01417137
0.02259930
0.01951313
0.02116397
0.02063873
0.01876371
0.00698915
0.00932005
0.00748265
0.03126715
0.01273445
0.01112463
0.00674802
0.00877943
0.02009136
0.01977216
0.03038679
0.01174868
0.01251536
0.01817989
0.04867267
0.01875254
0.04698541
0.04683197
0.02338016
0.02501964
0.01081447
0.01110488
0.05593244
0.04904535
0.02654256
0.01804713
0.01938441
0.02547935
0.00711945
0.01502392
0.03702878
0.02768155
0.00740011
0.03067898
0.01692726
0.02548515
0.01562764
0.00523789
0.01253038
0.05276319
0.01286421
0.01018487
0.04204501
0.00564550
0.01642571
0.00748988
0.03036074
0.01583240
0.02189174
0.03199237
0.00889582
0.00957805
0.01930121
0.01737371
0.03601965
0.04574816
0.01350621
0.03274884
0.01522221
0.03374090
0.00985282
0.01676141
0.03284774
0.04170026
0.01657731
0.01280602
0.04805530
0.03248043
0.01021286
0.00580961
0.02795604
0.01919584
0.00930725
0.00878312
0.01712052
0.00631450
0.02128110
0.02213758
0.03629812
0.04415936
0.01057458
0.02008262
0.05255799
0.02444708
0.01290609
0.01944421
0.03750064
0.01218782
0.01839469
0.03072823
0.01372410
0.02470762
0.01639349
0.01182740
0.02708929
0.02183501
0.02748196
0.03409696
0.01938484
0.02182060
0.00727488
0.02736914
0.03495319
0.03750139
0.02736523
0.00905579
0.01561096
0.01800242
0.01687551
0.01602589
0.00839520
0.01859869
0.01424328
0.03297777
0.02404013
0.02329561
0.02534369
0.01470338
0.01805361
0.02836503
0.04971103
0.02524420
0.03548097
0.03382447
0.04097188
0.02156081
0.02268293
0.02297769
0.00999646
0.02210157
0.01029070
0.01912370
0.03082970
0.01356244
0.02896477
0.02929594
0.00565209
0.01848000
0.03060725
0.03969455
0.01132774
0.01719530
0.02996017
0.02072317
0.00883995
0.02783400
0.01656070
0.03902939
0.01292088
0.01622136
0.02852801
0.05144272
0.02377167
0.02910857
0.01240991
0.04172416
0.02257615
0.02560828
0.01577173
0.01281131
0.02181824
0.02311449
0.03231696
0.02601229
0.02188930
0.05512678
0.01570120
0.00772254
0.01488545
0.01022280
0.00862941
0.01645964
0.03064882
0.01659109
0.04232841
0.03064942
0.02056553
0.00603330
0.00715378
0.03903197
0.04785377
0.01308912
0.02263614
0.00780150
0.01469706
0.01442865
0.03134839
0.02002769
0.04428306
0.03085638
0.04034730
0.02000526
0.01298707
0.02553294
0.01584881
0.04496570
0.00723236
0.01284164
0.01389557
0.02345594
0.02318836
0.00814721
0.02554949
0.01474741
0.01837703
0.02358534
0.03085633
0.02589249
0.04336075
0.03985403
0.01005738
0.01282961
0.01293582
0.02406457
0.01502206
0.02099607
0.01751429
0.03826438
0.02477510
0.00675601
0.00904559
0.04743958
0.04189967
0.00862666
0.02600968
0.01444426
0.01260788
0.01955691
0.04167723
0.00829358
0.03647536
0.03632184
0.01767364
0.05463229
0.02012731
0.02684086
0.02258139
0.04219020
0.00886811
0.01221190
0.02007567
0.05393934
0.02530908
0.04533616
0.01066899
0.00963129
0.03293522
0.00944228
0.02120883
0.02335688
0.02780695
0.02338917
0.01670579
0.02607264
0.05972191
0.01502680
0.00536476
0.04195382
0.01402203
0.03679480
0.02279426
0.00860090
0.03189016
0.02119345
0.02659125
0.04869179
0.02735186
0.05750708
0.01563962
0.04669703
0.03477975
0.02273680
0.01204311
0.01502673
0.01922875
0.01336589
0.01847244
0.00841169
0.01510567
0.03956949
0.00693898
0.02240331
0.00829473
0.02212922
0.01898444
0.05341932
0.03350399
0.03921993
0.04295650
0.02356793
0.01315766
0.02510365
0.02656218
0.00646695
0.02721030
0.04143015
0.02660037
0.01176561
0.03118605
0.02649880
0.05150577
0.01083806
0.02420596
0.01640701
0.05099334
0.01660733
0.01942683
0.01630195
0.02351561
0.01794036
0.05690380
0.02547827
0.03701735
0.02668966
0.03011773
0.01345821
0.02038345
0.03739312
0.02415558
0.02351639
0.02602089
0.02578652
0.01966048
0.02926142
0.00852219
0.01526509
0.01642983
0.04939248
0.04861063
0.01670015
0.01546987
0.02054940
0.02880422
0.02501595
0.01168870
0.01367791
0.01677529
0.02326839
0.04324364
0.03581926
0.04061915
0.03164964
0.03726788
0.00980627
0.00661016
0.04072458
0.01776968
0.03169260
0.03087646
0.01327081
0.05762101
0.01252724
0.00661386
0.02680221
0.00722536
0.02718878
0.01567810
0.01067392
0.02485592
0.01188601
0.01689484
0.01312951
0.01898373
0.04030958
0.00547877
0.03684822
0.01837927
0.03229690
0.02491006
0.00712882
0.04521736
0.00723117
0.01614933
0.04395889
0.01279555
0.01937852
0.02458294
0.01626506
0.05115079
0.01306605
0.01512815
0.02164890
0.01278497
0.01655788
0.02319057
0.00820143
0.01784899
0.03727854
0.02685050
0.00947135
0.02703646
0.01856473
0.02242126
0.00675212
0.04010900
0.01769241
0.03983747
0.02134610
0.02978283
0.00733044
0.01216197
0.03382090
0.03857529
0.01188600
0.00669881
0.05013641
0.02882787
0.01708620
0.01408676
0.02287538
0.01509617
0.00853192
0.02990134
0.00618580
0.03295042
0.00654924
0.01412567
0.05800591
0.00953467
0.01741837
0.02938125
0.01951463
0.01269405
0.01062934
0.00958907
0.03004637
0.04984523
0.00904094
0.02683785
0.04354038
0.02054804
0.03415811
0.01959486
0.04139409
0.00695419
0.01791972
0.02846604
0.01747639
0.00806276
0.01799397
0.02549267
0.01067607
0.02264077
0.02835154
0.02876259
0.03956407
0.00790108
0.02919307
0.02755967
0.01341855
0.00875225
0.01460859
0.03005852
0.02359469
0.02181041
0.02572725
0.02054844
0.02473234
0.00967063
0.01650525
0.05246706
0.01247631
0.01378053
0.01389216
0.02062319
0.00637273
0.01280825
0.04777942
0.01260503
0.02343570
0.03012693
0.05460767
0.01560035
0.00856703
0.01495133
0.02598631
0.02211817
0.03490687
0.01751574
0.04059500
0.01092234
0.01496015
0.03768444
0.01229476
0.01011711
0.02101301
0.01094705
0.02441217
0.01000676
0.01554366
0.01056386
0.00773550
0.01265009
0.01546958
0.00523779
0.01190895
0.01431406
0.03235286
0.02826814
0.02441239
0.03608530
0.01190683
0.02210783
0.02293819
0.01202674
0.01745643
0.00636140
0.01056193
0.02153341
0.02734558
0.03727934
0.01815552
0.03542126
0.02389827
0.03727112
0.01473207
0.05326240
0.00707590
0.01842896
0.02452823
0.03873484
0.00958323
0.01697827
0.05379575
0.00952198
0.01222050
0.01206369
0.01977434
0.01533084
0.05079979
0.01009172
0.01658516
0.01782064
0.04654883
0.05534520
0.02944217
0.01232894
0.00812898
0.01313959
0.02209771
0.02856942
0.01045168
0.01418353
0.01963685
0.01508238
0.03829644
0.03822135
0.02326786
0.01870286
0.01813841
0.04710742
0.01142082
0.02537116
0.05361209
0.04286718
0.01483028
0.01102672
0.03635079
0.02716213
0.04645078
0.00679035
0.02266838
0.02007505
0.03318442
0.01398920
0.01859944
0.01881789
0.01227199
0.01580609
0.02606319
0.00696717
0.02078223
0.02582188
0.02388303
0.01401673
0.01265532
0.00548087
0.00928132
0.01380117
0.00841839
0.02921424
0.03040936
0.01716995
0.01758669
0.02196204
0.01622870
0.02188638
0.01608635
0.01330941
0.03252154
0.02442587
0.01111319
0.01264678
0.01741853
0.01225407
0.02022092
0.03317363
0.01619498
0.05938692
0.00869389
0.01973612
0.01909183
0.02917776
0.01541238
0.02995805
0.01035901
0.00935779
0.02581706
0.01184745
0.01152797
0.01622454
0.03667066
0.03979839
0.01049899
0.00835533
0.03450256
0.01539812
0.01586930
0.03010477
0.00553200
0.00856975
0.02271118
0.01298725
0.03882779
0.04406714
0.02150108
0.03290125
0.02851223
0.00618357
0.00907889
0.05598785
0.04965130
0.02105130
0.01697338
0.03051027
0.03582157
0.01747932
0.04385388
0.01851450
0.02685435
0.00937399
0.00513189
0.03288430
0.01249987
0.01614808
0.03635014
0.03447243
0.03005898
0.02443802
0.04282012
0.00967362
0.00891591
0.00840936
0.02995659
0.01510600
0.02735005
0.01238693
0.01398874
0.01112894
0.00965469
0.00563341
0.03182441
0.04338581
0.03058085
0.04247121
0.00807729
0.03695121
0.00825180
0.01046957
0.03578190
0.04145906
0.00972541
0.01309738
0.01027162
0.01795720
0.04760780
0.01582990
0.03361059
0.02584560
0.01359316
0.01922001
0.01448619
0.02841521
0.01598724
0.01395386
0.03306135
0.03537889
0.01032121
0.01948648
0.01746375
0.02449441
0.03566702
0.03508397
0.03910735
0.01087502
0.00968130
0.00980592
0.02762528
0.03453476
0.02570768
0.00740015
0.01065598
0.02605486
0.04420436
0.02390327
0.01732703
0.01958536
0.02655211
0.00901949
0.03534213
0.03046572
0.02414388
0.01106116
0.00806356
0.01842073
0.01984866
0.01535904
0.02579398
0.04390298
0.04084513
0.00549008
0.02207019
0.02575293
0.04497424
0.02955929
0.05424598
0.04330693
0.03370449
0.02937727
0.00645894
0.01308635
0.02694489
0.04014136
0.02259751
0.00685454
0.01173955
0.02914691
0.01069861
0.02012249
0.02093628
0.04245824
0.03620752
0.01624903
0.00759810
0.01382401
0.00961564
0.01946317
0.01102854
0.01523264
0.01640290
0.01500762
0.00616918
0.03362215
0.01557374
0.03092065
0.04681221
0.01229253
0.01399383
0.01493443
0.03446270
0.00837732
0.01734632
0.03793358
0.02805857
0.00736261
0.00798875
0.02147522
0.01147456
0.04112520
0.02148744
0.00795940
0.01267735
0.04213901
0.02467268
0.00895477
0.00783967
0.02021968
0.02825029
0.05957115
0.01474949
0.03302101
0.00767047
0.01875624
0.03017589
0.01800138
0.01920963
0.01269165
0.00901946
0.02443548
0.01148508
0.05175408
0.01888238
0.01505512
0.02517147
0.00920851
0.01435337
0.02676759
0.02250133
0.02414806
0.04801346
0.04155634
0.02441703
0.01180714
0.01110062
0.03596434
0.02971605
0.02384315
0.05724656
0.03456754
0.00715999
