0.01844612
0.03415864
0.01628750
0.01447223
0.01718146
0.05642947
0.02515324
0.01219711
0.05169653
0.02233192
0.02204463
0.01675676
0.02179800
0.05479294
0.02950890
0.01982986
0.04075246
0.01715024
0.05235148
0.01142703
0.03672171
0.03988510
0.01037910
0.02598335
0.01041676
0.04169459
0.01224550
0.02977566
0.01515119
0.04292626
0.03359069
0.02817964
0.02305000
0.01528839
0.03488470
0.02265421
0.02835407
0.04627618
0.03013008
0.02566737
0.02479601
0.01545326
0.01435034
0.01189360
0.01277450
0.03412231
0.01051153
0.04377098
0.02273940
0.03942182
0.01894107
0.03616090
0.02709758
0.01264906
0.01776132
0.02457186
0.03133320
0.01588667
0.05029835
0.04926932
0.02670389
0.02109401
0.03304251
0.01220513
0.05199684
0.03067209
0.04041262
0.01842403
0.02203977
0.03270623
0.02017183
0.01162701
0.02456900
0.02719988
0.02954517
0.02564462
0.01618689
0.02171976
0.02940854
0.01858683
0.01446292
0.03381394
0.04949931
0.02858291
0.03004643
0.01292938
0.01842529
0.01987711
0.03690948
0.03639451
0.03096270
0.02411154
0.01790302
0.01810076
0.05651802
0.02146588
0.03409064
0.01347892
0.01233371
0.04581613
0.01397283
0.02620553
0.01047884
0.03472218
0.01703530
0.01126446
0.02223544
0.01885907
0.02965199
0.01664747
0.02446492
0.02005098
0.02266702
0.03872501
0.01395479
0.02378633
0.01274073
0.04065705
0.02792165
0.01134024
0.04362269
0.01286936
0.03313853
0.02051272
0.04430056
0.03801490
0.01747819
0.02497454
0.01811189
0.02775630
0.01688961
0.03260211
0.01865585
0.03574999
0.01180966
0.04983211
0.01989625
0.03947633
0.02119597
0.01323438
0.04318119
0.02808022
0.03507208
0.01319066
0.03509454
0.02918833
0.02227765
0.05913631
0.02045375
0.02335381
0.02414251
0.03095655
0.01018435
0.01312580
0.04005600
0.02432047
0.01406478
0.03501438
0.03591453
0.01580062
0.01969485
0.01578231
0.05433652
0.01349626
0.03516505
0.02507336
0.01431339
0.01640701
0.03279135
0.01262725
0.01859118
0.05512085
0.02540788
0.03088415
0.03014302
0.01433512
0.05244983
0.01635744
0.04884173
0.02305198
0.02424244
0.04127057
0.01872981
0.02014565
0.05379794
0.01297906
0.04168519
0.04097210
0.03882880
0.01781083
0.03369892
0.01571062
0.03734701
0.01268218
0.01131167
0.03439394
0.02454822
0.01126966
0.03995220
0.03920454
0.03224406
0.02546834
0.03400512
0.05610431
0.01606347
0.04908677
0.01524712
0.01684962
0.01246599
0.04686689
0.01916337
0.02599858
0.05497736
0.01225853
0.05588349
0.03642617
0.05462850
0.02650259
0.01586675
0.02439801
0.03325307
0.01378835
0.02480263
0.04433451
0.03067879
0.03075012
0.01865221
0.04337781
0.01606368
0.01632289
0.01355586
0.02067771
0.02013680
0.01031724
0.02118711
0.01525350
0.04596872
0.03490554
0.03124992
0.01989877
0.03113137
0.01038708
0.04367569
0.04156920
0.02694752
0.03536053
0.02972740
0.02027257
0.04660002
0.01908505
0.01660940
0.02294042
0.01321200
0.02997068
0.02212930
0.03898529
0.01949788
0.01727485
0.02811914
0.01040543
0.05670745
0.01174149
0.04601774
0.05647846
0.02030653
0.03884753
0.03827087
0.04809550
0.01501975
0.02422292
0.02317940
0.02731283
0.01301814
0.02619900
0.01406377
0.01646613
0.01458963
0.01900827
0.02422897
0.03657268
0.02016674
0.01766904
0.03331598
0.02150210
0.02615289
0.02118027
0.03959210
0.05552861
0.01454060
0.01451793
0.03473223
0.02578550
0.01476287
0.01305081
0.02924829
0.05619254
0.02221909
0.01847177
0.01130784
0.05421724
0.03753268
0.02336820
0.05248143
0.02166117
0.02816690
0.01765933
0.05152129
0.04184469
0.01276239
0.02162174
0.01791411
0.02026567
0.01468632
0.05345405
0.03941497
0.01817697
0.04203807
0.01123372
0.02041416
0.01225397
0.03268373
0.05319664
0.04516295
0.03495827
0.01645895
0.03425579
0.02695572
0.03925786
0.01921397
0.01593306
0.01445607
0.03438076
0.01231626
0.01837112
0.02359541
0.02456760
0.02471647
0.01837313
0.04003348
0.04211696
0.01128227
0.03742665
0.01221692
0.03031316
0.02076618
0.01056178
0.02608219
0.02436512
0.04373309
0.01577776
0.02072316
0.01312229
0.01578365
0.03347691
0.02313178
0.01552578
0.03176362
0.03836237
0.02802032
0.02024086
0.02020212
0.05081707
0.01050670
0.05827255
0.05715531
0.01446776
0.02096105
0.02865437
0.02327288
0.03886481
0.01183997
0.02846863
0.03928776
0.01357077
0.04071000
0.02377312
0.01467466
0.04130765
0.01384776
0.01919017
0.03601106
0.02798999
0.04797676
0.01236335
0.02206419
0.02799537
0.02020947
0.05212025
0.02013435
0.04446603
0.02193392
0.01234002
0.04396207
0.02483583
0.03632858
0.01073070
0.02226026
0.01742207
0.02430295
0.05265304
0.01010954
0.01729733
0.01090095
0.01056700
0.03018139
0.01430053
0.01092469
0.03872973
0.02028292
0.01384057
0.03312007
0.02704496
0.02619330
0.04446698
0.04140344
0.03368579
0.05499311
0.01214397
0.02133515
0.02038720
0.02574257
0.01459437
0.02549074
0.03943487
0.04019874
0.01172354
0.01370241
0.03007223
0.05181972
0.05868302
0.02949207
0.04805706
0.02669953
0.02488947
0.02029248
0.01875124
0.05884724
0.01184477
0.03960236
0.04156242
0.03590212
0.01553700
0.01559709
0.03062034
0.04787373
0.04328275
0.02454741
0.02250475
0.01138486
0.04449740
0.01211357
0.01133728
0.01816241
0.04681704
0.01938713
0.03141013
0.04636998
0.01925002
0.01867026
0.01412744
0.01568837
0.02642301
0.01098615
0.03722591
0.01448854
0.03532057
0.02942591
0.04028408
0.01318974
0.03317047
0.01323263
0.01091100
0.03132675
0.02719387
0.01092518
0.01381544
0.03411716
0.02909789
0.02262601
0.01737451
0.01948446
0.02745860
0.01436654
0.02178210
0.03757982
0.03910355
0.02228479
0.01564919
0.01672929
0.04336862
0.05090280
0.01889816
0.02488822
0.01555742
0.02720236
0.02068127
0.02402304
0.03417079
0.03884341
0.03669022
0.02975036
0.02939101
0.02292776
0.02094206
0.01158671
0.02322033
0.02546765
0.02399358
0.02276283
0.01161905
0.02456503
0.01869617
0.01177782
0.01935318
0.02065571
0.01806839
0.01740501
0.03440594
0.01306985
0.01630352
0.01401111
0.05244923
0.03299540
0.02731771
0.02212938
0.01457123
0.03062282
0.02518090
0.01483370
0.02003253
0.02615229
0.02392435
0.04719685
0.01170842
0.01052539
0.03428258
0.01770346
0.03665197
0.01004485
0.02576545
0.03921029
0.02245592
0.01617001
0.03317278
0.04112936
0.02130439
0.01682139
0.01618816
0.05960633
0.02497506
0.01884521
0.01795205
0.01759179
0.01800812
0.02105317
0.03698833
0.02650622
0.01540293
0.01421083
0.01235063
0.04003133
0.01098348
0.01441085
0.01305623
0.03652280
0.03401890
0.01064315
0.02504134
0.05827367
0.01022037
0.02549971
0.05628322
0.03194902
0.01252352
0.01538123
0.01389076
0.01853177
0.01156862
0.01406412
0.01914103
0.01032795
0.02235502
0.01082342
0.01133363
0.05927941
0.03436407
0.01549057
0.03297072
0.02575290
0.02725304
0.01904985
0.01210830
0.05907425
0.01208828
0.04909123
0.01142440
0.02279672
0.01047933
0.02805330
0.02529208
0.01426806
0.03603719
0.05367550
0.01345910
0.03114442
0.04520457
0.01303826
0.01585854
0.03454687
0.01024252
0.02877079
0.01093585
0.02373965
0.01106496
0.02223083
0.04235998
0.03374671
0.03177219
0.01796848
0.03112521
0.01084691
0.04097303
0.05492120
0.01661502
0.03503153
0.01862378
0.01004172
0.05003557
0.02093033
0.01210586
0.01959588
0.01901579
0.01129676
0.01170215
0.03807556
0.04673569
0.01504073
0.01866376
0.01815121
0.01030904
0.03386548
0.01400227
0.03819782
0.02521856
0.04441362
0.02024898
0.01368080
0.01916043
0.02538556
0.01085564
0.04671341
0.01828048
0.02306370
0.04675429
0.02585575
0.01821804
0.01112513
0.04904292
0.03956184
0.01575612
0.01311648
0.03619336
0.03699758
0.02231825
0.04761126
0.02139004
0.02846713
0.03610925
0.03123129
0.03982203
0.01964231
0.04217282
0.02055999
0.01596207
0.03459856
0.04219694
0.03802357
0.01300733
0.03578801
0.02728328
0.04521338
0.04001135
0.01324429
0.01111848
0.05375221
0.01592138
0.02258693
0.02449383
0.03062027
0.05963889
0.01213665
0.04754936
0.03128925
0.05842648
0.01263077
0.04111818
0.01330959
0.02380395
0.04042126
0.03017894
0.01748863
0.03995315
0.01177910
0.01548873
0.02182506
0.01813200
0.01789330
0.02940750
0.01822189
0.02746344
0.01809964
0.02993378
0.03544535
0.02089500
0.02842088
0.04272289
0.03544404
0.03639698
0.03755284
0.05516773
0.01291663
0.02509058
0.04582252
0.01964538
0.01255929
0.04672931
0.04429956
0.02877088
0.01742547
0.02455444
0.01372756
0.03415229
0.01179519
0.01415172
0.02762395
0.02718294
0.02207894
0.01876902
0.02170394
0.01342263
0.02903507
0.03475903
0.02290407
0.01824187
0.01474748
0.01907617
0.02367074
0.03450419
0.03103854
0.02894289
0.03978107
0.01175758
0.02647515
0.03054389
0.01362185
0.05534193
0.02168081
0.01418346
0.02462884
0.03445697
0.01802108
0.03245897
0.04330258
0.01741899
0.04507413
0.02289167
0.02011293
0.02268159
0.03707034
0.03338913
0.02273414
0.01014466
0.04294416
0.01387642
0.02808546
0.02556348
0.02335652
0.02831545
0.02702718
0.01282855
0.02582613
0.04653269
0.02712919
0.01884212
0.03882824
0.01773567
0.05334548
0.01905797
0.03689026
0.05015758
0.02000605
0.04690356
0.01411963
0.04907240
0.03114928
0.05008989
0.02499062
0.02581070
0.01168888
0.03040007
0.01052881
0.01780483
0.01659189
0.02869967
0.03320907
0.03481988
0.01104931
0.01493567
0.05554072
0.02895252
0.01396411
0.01145202
0.03120275
0.03397280
0.01490985
0.02382055
0.04397261
0.01885873
0.05101794
0.03752662
0.02325762
0.01243350
0.05203765
0.02316918
0.03804043
0.02898103
0.03980790
0.05458536
0.01286148
0.02939493
0.01582143
0.01003361
0.02168711
0.05226391
0.02905618
0.05775907
0.03363032
0.01557538
0.04458770
0.04237034
0.01423753
0.03401142
0.01239911
0.02381713
0.03003035
0.01642610
0.01282944
0.02441555
0.03302555
0.01534026
0.01883256
0.04263101
0.05826429
0.03810749
0.02257705
0.01696723
0.05816733
0.01305226
0.03161400
0.02216408
0.02600602
0.01885738
0.03371868
0.01607213
0.04655539
0.01598120
0.02673935
0.01261361
0.01362017
0.02244197
0.03137661
0.01780662
0.05036152
0.01537755
0.02448440
0.03036008
0.03832115
0.05070031
0.01163246
0.01297294
0.01823194
0.01987041
0.01755969
0.02578803
0.01552087
0.02812205
0.02320233
0.01811671
0.01600437
0.05037770
0.03043954
0.03042430
0.01468480
0.02209279
0.01504733
0.04762453
0.03784856
0.02998419
0.01744833
0.02327905
0.01116658
0.02439381
0.01871719
0.01869321
0.02257507
0.02945077
0.01224693
0.01689709
0.01506555
0.01543070
0.03515376
0.02634059
0.01812861
0.01122798
0.02135483
0.05631161
0.03823877
0.02092764
0.05382130
0.02857597
0.01210478
0.05701898
0.01885748
0.03383770
0.01797615
0.02911498
0.01072379
0.01587419
0.04453952
0.03718387
0.01681568
0.04510011
0.05707991
0.03011043
0.01050783
0.03029409
0.03492204
0.04618496
0.02436481
0.03338134
0.01452974
0.01562214
0.01071762
0.03098992
0.03099253
0.04595170
0.02772780
0.02484190
0.03887881
0.02975504
0.01270782
0.05825994
0.01770981
0.01642732
0.01702264
0.04026505
0.01318134
0.03668004
0.02958894
0.03258003
0.01445854
0.01696034
0.02505713
0.01418891
0.03369923
0.02145243
0.02943760
0.02286687
0.01377875
0.02070582
0.05659667
0.05151360
0.05486914
0.03166712
0.03539419
0.01533270
0.04797461
0.04927734
0.02058613
0.03601900
0.03066742
0.02317467
0.02377878
0.02000051
0.01424727
0.01356205
0.02408268
0.02664897
0.05935643
0.01984620
0.01397799
0.02996305
0.02444619
0.01003655
0.02191995
0.04717083
0.01699358
0.01435773
0.01081071
0.01120573
0.01684671
0.01954832
0.01747715
0.01779260
0.01878226
0.03494930
0.05785224
0.02963066
0.01306676
0.01655327
0.02184614
0.02556774
0.01180376
0.03824549
0.02627946
0.01906886
0.01866096
0.03734225
0.01092175
0.04210170
0.02032278
0.03865035
0.02468064
0.01813459
0.01565275
0.03935453
0.04450134
0.02176092
0.03048667
0.02522066
0.01296015
0.02747793
0.01949821
0.01775309
0.01620981
0.01830996
0.01375874
0.02011659
0.02807543
0.03637284
0.05054825
0.01634279
0.05659651
0.01322081
0.02816279
0.01340138
0.01223733
0.02430135
0.01740151
0.03052334
0.01822141
0.01279045
0.04109667
0.03285745
0.01930674
0.05708603
0.05024175
0.05146477
0.05660103
0.03798889
0.01664453
0.02558818
0.05153464
0.03091134
0.01629229
0.02998441
0.02298889
0.04188124
0.01048056
0.03606459
0.03593598
0.03534845
0.04182578
0.03286901
0.03373881
0.02979826
0.05801307
0.01399130
0.01950988
0.01505861
0.02393895
0.02208987
0.03933033
0.02474035
0.05614641
0.03637086
0.03647028
0.02026850
0.01568170
0.01586466
0.01900487
0.03881748
0.01042232
0.02569619
0.04293071
0.01995466
0.02352671
0.05315003
0.01164935
0.03187111
0.04392465
0.01213263
0.04756474
0.01861517
0.01208633
0.03527854
0.01258003
0.01306521
0.05196096
0.03051443
0.01334863
0.01876175
0.02334054
0.03806206
0.02110237
0.03574943
0.03213274
0.01950566
0.05170546
0.02065180
0.01100835
0.03329905
0.03144575
0.01489299
0.02145436
0.04689980
0.03018150
0.01705841
0.01627149
0.01757093
0.05759095
0.01566647
0.04278151
0.03812311
0.03013301
0.02110026
0.02026583
0.02118597
0.01723940
0.02904045
0.02865636
0.01444799
0.01816887
0.04474580
0.04367651
0.01118902
0.05450215
0.04762765
0.02206140
0.01917108
0.04195102
0.02018754
0.04956729
0.02885046
0.01841649
0.02867630
0.01454965
0.03255217
0.01379097
0.01026699
0.03081542
0.02743558
0.04741930
0.03149883
0.02793914
0.03484261
0.04709301
0.01593506
0.02538376
0.03716003
0.03533206
0.02632458
0.01722729
0.04007463
0.01360764
0.04683942
0.02430170
0.01399789
0.05119292
0.03227104
0.01491638
0.05447444
0.02039770
0.02893297
0.01163183
0.02428750
0.01897771
0.03524620
0.05593744
0.05646559
0.02360147
0.01513618
0.01191027
0.01570793
0.01872889
0.02172241
0.01284476
0.01392281
0.01117406
0.01369391
0.02095394
0.01321168
0.01991326
0.02662224
0.03641937
0.05747717
0.02657394
0.05050510
0.01004350
0.02261622
0.02665168
0.02116343
0.05009160
0.01074448
0.01216890
0.04188242
0.02048060
0.02458431
0.02127862
0.02669384
0.01704536
0.01312352
0.04074491
0.01145470
0.03930325
0.03160243
0.03344598
0.02873941
0.01209814
0.02764744
0.02751742
0.01010762
0.02432297
0.04090016
0.01334547
0.03941604
0.03679690
0.01403458
0.01850593
0.02315932
0.05841132
0.01326736
0.01010545
0.04073058
0.03753470
0.02335541
0.01439157
0.02570593
0.01780007
0.03696604
0.02694475
0.02205660
0.01370813
0.02435034
0.02802263
0.02563523
0.03885136
0.01539211
0.04404090
0.03221812
0.02880650
0.04889523
0.01271156
0.01465234
0.05924627
0.03561404
0.01301996
0.01877565
0.02025765
0.03202632
0.04573676
0.02274233
0.02349776
0.01021398
0.01706503
0.04948136
0.02181551
0.01553168
0.01206529
0.03943855
0.04314615
0.03827012
0.02407902
0.05109416
0.02093435
0.01635571
0.01540357
0.03331732
0.02761786
0.01208606
0.03582799
0.03586534
0.01093224
0.02893952
0.03291376
0.01280510
0.05512576
0.03447721
0.01437179
0.03675588
0.02620451
0.01424879
0.01871537
0.02769476
0.04710692
0.02381403
0.01411858
0.02705315
0.01460585
0.04847602
0.02047296
0.03338809
0.04787766
0.02033531
0.04162827
0.01371942
0.02288304
0.01269852
0.02057668
0.01153458
0.03845098
0.01377211
0.04497189
0.03505419
0.02463405
0.03823796
0.01737657
0.03353378
0.02004628
0.03776822
0.04131312
0.02925110
0.03692287
0.01322751
0.02073537
0.03174091
0.01737070
0.02877382
0.03653156
0.02230296
0.01606853
0.01212680
0.04185816
0.02095636
0.02254939
0.03060649
0.02265965
0.01319546
0.01867721
0.03043545
0.03455711
0.01847600
0.01328378
0.02387058
0.05931161
0.01136222
0.02716942
0.03426223
0.04922183
0.04073492
0.01171927
0.01937445
0.04100983
0.02206045
0.03918640
0.04597291
0.03378699
0.01295145
0.05919761
0.01529164
0.02908865
0.02590667
0.01134192
0.02640893
0.01434922
0.01588003
0.01191641
0.01247519
0.02322643
0.01997926
0.02734058
0.04925610
0.03879833
0.01245621
0.01022922
0.02646449
0.02323600
0.01970685
0.03885150
0.01182043
0.01657605
0.01327425
0.01727018
0.01581053
0.01928565
0.04376555
0.01662011
0.02482229
0.01885570
0.02275593
0.01184539
0.02958522
0.03864614
0.01172108
0.02872291
0.04135571
0.02648081
0.02340103
0.02336167
0.01522677
0.02895560
0.02999257
0.05142429
0.02840836
0.03345753
0.04488741
0.02053153
0.03440531
0.01260246
0.03748078
0.04761728
0.01135144
0.01111530
0.02596400
0.02505500
0.02268469
0.01521308
0.01839126
0.02218638
0.05404956
0.01022299
0.05083624
0.04608877
0.01117898
0.01438547
0.02071925
0.01778303
0.04960891
0.01446770
0.01897461
0.01600780
0.01324784
0.01423817
0.03274684
0.02035862
0.05386524
0.01608599
0.02290556
0.01842407
0.05609602
0.05829584
0.01114656
0.04233346
0.04394854
0.05461072
0.03730977
0.01071022
0.01334907
0.02097925
0.03500160
0.03083405
0.01712588
0.01914489
0.03736622
0.01972381
0.01124155
0.03179752
0.01585569
0.05630729
0.04513667
0.05462341
0.01090014
0.02208417
0.05061612
0.01247992
0.02149307
0.02307531
0.02889279
0.02214573
0.02185212
0.02839185
0.01598656
0.02019419
0.01219024
0.02698429
0.02092254
0.02870632
0.02686271
0.01151659
0.02163984
0.03010639
0.01907017
0.02098843
0.01606013
0.02879165
0.01139996
0.03422653
0.03788211
0.04958033
0.03023015
0.04604774
0.01044290
0.02239053
0.05369298
0.04445139
0.01435841
0.01421596
0.04881040
0.01405999
0.02862706
0.03111676
0.02300540
0.01910368
0.02611853
0.02051047
0.02356011
0.02264796
0.04320562
0.01013117
0.01287702
0.02793654
0.05578615
0.02629733
0.01810192
0.01215068
0.01727173
0.01442581
0.02540107
0.02394944
0.01463535
0.02551444
0.01931415
0.01039755
0.02479029
0.01529279
0.02265433
0.01192997
0.01736049
0.01577902
0.01947377
0.02544271
0.01109903
0.02240771
0.01536866
0.03748042
0.03743712
0.02295977
0.01347547
0.01683910
0.03925951
0.02509001
0.01404179
0.03872296
0.02143404
0.01768908
0.02216509
0.03845676
0.02348373
0.05465662
0.02574585
0.02645264
0.03437356
0.04724843
0.04125695
0.01316948
0.01459667
0.01337575
0.01933425
0.01267408
0.01265471
0.02264364
0.01094484
0.01072621
0.02463045
0.03059460
0.05412740
0.02808604
0.03200459
0.04816369
0.02335000
0.02493022
0.03837497
0.04282141
0.01532386
0.02743240
0.02158618
0.02283851
0.02538167
0.02932938
0.04537689
0.03378637
0.01449898
0.02493041
0.05729259
0.02409694
0.01266695
0.02774708
0.04446963
0.04594603
0.02863003
0.02388406
0.01712942
0.03124100
0.05356324
0.02553421
0.01094902
0.01143040
0.01377682
0.02672891
0.01516204
0.01740296
0.03429618
0.01699348
0.02278345
0.02360918
0.04689110
0.01364221
0.01216579
0.01063307
0.02170821
0.01139786
0.03806794
0.03654413
0.01444024
0.01672159
0.03186401
0.03340645
0.03093024
0.03515449
0.01610894
0.03218413
0.02471606
0.01940136
0.02387928
0.01526739
0.01369124
0.02965691
0.01436647
0.02687472
0.02139648
0.01574799
0.01104113
0.01300765
0.02077859
0.01593813
0.01129726
0.04052618
0.02318567
0.04243176
0.01456427
0.01022115
0.01371583
0.05471293
0.02653427
0.01923762
0.05974750
0.05599676
0.01217575
0.02287257
0.02251359
0.02074978
0.01791120
0.01690361
0.01127873
0.01636692
0.01557246
0.03111841
0.02818258
0.01863057
0.04067404
0.03170184
0.02314009
0.02775154
0.03704753
0.02911877
0.03564454
0.02934262
0.01080534
0.05212051
0.01873650
0.01458752
0.01059617
0.01358745
0.01460138
0.04458603
0.02069060
0.02961856
0.01110145
0.02623462
0.01753817
0.05833652
0.03125072
0.03151631
0.04354645
0.04896875
0.04437852
0.02129184
0.02323400
0.02367952
0.01780347
0.04190282
0.01150018
0.03880127
0.02145535
0.05294733
0.02112578
0.02591657
0.03533833
0.01426609
0.05425379
0.02835490
0.02409369
0.01167452
0.01860391
0.01358195
0.01807785
0.03300415
0.02336858
0.03063129
0.03471566
0.02370766
0.02446612
0.02416037
0.04852908
0.01404492
0.03936275
0.01206103
0.04756148
0.01365339
0.02435427
0.02094024
0.02802342
0.01018313
0.01983660
0.01506376
0.01677233
0.02032107
0.03532056
0.03105236
0.03411440
0.01524707
0.02475070
0.01033550
0.04070479
0.03696706
0.03995939
0.02143721
0.01863456
0.01749317
0.03943009
0.04637560
0.04479972
0.01057140
0.01237911
0.03824091
0.03374836
0.01280161
0.01922506
0.03294370
0.04322697
0.02940024
0.01078628
0.02175526
0.02800162
0.01359962
0.02210788
0.01265527
0.03007913
0.01623002
0.02763039
0.03403214
0.04412721
0.03549745
0.02219977
0.02139520
0.03760712
0.02217430
0.02638442
0.04443097
0.01709069
0.03384123
0.01623650
0.01622379
0.01992394
0.03890209
0.04033012
0.02555054
0.01574938
0.01855343
0.01343615
0.03455206
0.01194494
0.02072949
0.04200690
0.02325358
0.01002189
0.02105465
0.02149908
0.01103590
0.02229663
0.01213009
0.04963464
0.01488496
0.01185859
0.01193725
0.01376683
0.01949587
0.03991123
0.01627630
0.02653567
0.01495065
0.03444291
0.03016240
0.03076857
0.01305970
0.02017075
0.03119623
0.02182872
0.01718766
0.03984342
0.01585954
0.04199533
0.01893644
0.02266372
0.02395027
0.03668542
0.02147902
0.05873624
0.02682829
0.02159092
0.01673249
0.01914835
0.02577799
0.01917361
0.04164571
0.03351510
0.04196368
0.04979528
0.01063850
0.03339720
0.03956110
0.05022731
0.01798205
0.01131789
0.01827952
0.04051011
0.01169110
0.01269780
0.02449577
0.02512968
0.05187479
0.01905488
0.01394556
0.03128691
0.01384069
0.01708403
0.02687608
0.05065984
0.03301438
0.02685003
0.01341846
0.02495027
0.03204134
0.02503132
0.02027923
0.02709424
0.04134351
0.01218654
0.02501126
0.01805150
0.02229526
0.03652009
0.01147694
0.01705473
0.01146487
0.04916517
0.05108760
0.04223129
0.03799378
0.01724746
0.02394401
0.02835955
0.02306927
0.01557227
0.01500673
0.01004046
0.04028213
0.05445334
0.01169598
0.01098510
0.03597531
0.01123156
0.02888354
0.02822840
0.01595160
0.01011052
0.01413429
0.02204666
0.02407825
0.01347866
0.01276027
0.03060500
0.01854237
0.01313968
0.03078819
0.03330197
0.01043419
0.02929802
0.01851670
0.03435554
0.01247020
0.03991101
0.03617684
0.02808643
0.03155387
0.02548657
0.01146063
0.02317283
0.01896125
0.04929155
0.01479179
0.02538854
0.01043399
0.04981294
0.02847881
0.01019746
0.05219161
0.02941800
0.02855899
0.01211891
0.01734969
0.03872870
0.04375783
0.03341709
0.01947801
0.02183971
0.01687953
0.05069137
0.01946875
0.02574427
0.03053037
0.03017934
0.04433478
0.05541749
0.02733241
0.01241829
0.03220797
0.02578576
0.03096641
0.05173785
0.01972572
0.01345294
0.02262165
0.02007170
0.02729137
0.03258168
0.01048756
0.05005592
0.02242537
0.01381884
0.04023344
0.02089721
0.04159168
0.02133582
0.05001267
0.04301763
0.02777742
0.01708939
0.03300842
0.05431726
0.02941472
0.04108986
0.05433106
0.04290348
0.03953043
0.01288333
0.01695616
0.03118160
0.02041522
0.02022631
0.01231543
0.01449023
0.04497531
0.04281743
0.02482999
0.04040393
0.04869687
0.05551066
0.04185326
0.01804175
0.01117333
0.02123976
0.03230291
0.02535156
0.05910050
0.02552342
0.04241496
0.01746347
0.04756881
0.01008461
0.02185850
0.02900409
0.02148501
0.01779514
0.01500154
0.01217343
0.03809516
0.03961769
0.02985332
0.03776509
0.02655463
0.03429235
0.04865257
0.02680944
0.03337899
0.03792462
0.03980291
0.01002738
0.01892196
0.03868443
0.01118420
0.02209863
0.01205439
0.01817473
0.02471025
0.01226592
0.01199628
0.04850124
0.02247286
0.01695455
0.02264726
0.01709984
0.01058709
0.01195190
0.03252365
0.03270934
0.03352233
0.02090128
0.02228195
0.05169828
0.02056533
0.01546060
0.02523167
0.01147134
0.01936042
0.02158153
0.04171182
0.05043545
0.03207559
0.03329536
0.02592477
0.02010588
0.04555503
0.02079746
0.02107193
0.02110266
0.01551467
0.02166907
0.02800965
0.04837040
0.02941029
0.03145531
0.02695031
0.01341940
0.02028910
0.01542188
0.03150616
0.02685719
0.01094815
0.01903723
0.02722643
0.02533564
0.03227913
0.03183435
0.04091451
0.01756431
0.02486659
0.05912512
0.01954716
0.02327913
0.04493668
0.03564507
0.01530316
0.05656593
0.02903956
0.04799977
0.03074073
0.02506406
0.01625976
0.04184252
0.01333640
0.01264773
0.01502027
0.04543259
0.02583735
0.03939807
0.01449399
0.01269772
0.02567599
0.02306350
0.01175457
0.02830243
0.03081146
0.03778918
0.03801148
0.04196558
0.01722479
0.01624283
0.01481783
0.02326507
0.01876754
0.01221882
0.05621909
0.02964599
0.02884957
0.03303995
0.01206942
0.05583626
0.03917161
0.04844034
0.02935330
0.03289814
0.03581816
0.03513014
0.03278680
0.01040834
0.02392656
0.01703479
0.03513182
0.01332099
0.02863248
0.01638983
0.03917365
0.01178167
0.01910983
0.02747498
0.02299834
0.01752000
0.02152984
0.02123440
0.01679046
0.01624171
0.04119128
0.01890449
0.01243992
0.01396825
0.01712123
0.04815376
0.03691803
0.01097470
0.01626902
0.03592679
0.02099190
0.05438725
0.01005624
0.05524817
0.02277550
0.01889501
0.04773455
0.01695623
0.02795845
0.03487401
0.01406351
0.01241914
0.05724385
0.02403748
0.05318913
0.01471537
0.05446938
0.02498538
0.03282800
0.02140095
0.02317499
0.02521089
0.03750712
0.01977406
0.02647170
0.01592186
0.02516020
0.02735395
0.05972240
0.02397393
0.02791835
0.01858347
0.02912467
0.02243129
0.01754122
0.01745028
0.01523512
0.01456465
0.02505905
0.03070563
0.02986803
0.01921110
0.02561583
0.01869626
0.05906579
0.01703710
0.02073063
0.02409297
0.02049770
0.01473151
0.01005435
0.04925249
0.01619018
0.05070508
0.03725225
0.05250978
0.02898696
0.01169406
0.01239243
0.03528643
0.03765897
0.05354604
0.03595856
0.03117297
0.03721058
0.01392634
0.01620867
0.05144791
0.05345033
0.02054720
0.03124213
0.02057598
0.02446527
0.04265174
0.01897718
0.05314850
0.02657825
0.02069184
0.01655442
0.01737117
0.02250897
0.01629644
0.02510660
0.02589124
0.05603478
0.02050735
0.01427351
0.03231029
0.02145132
0.01989890
0.04682082
0.02451374
0.04460141
0.01364051
0.02629596
0.02842012
0.01378861
0.03160520
0.05590565
0.02547386
0.01590174
0.01469173
0.05272251
0.01562278
0.01678839
0.01646645
0.02410515
0.01964350
0.05383931
0.01143569
0.03540702
0.05721407
0.02287994
0.03006144
0.01980457
0.01359612
0.04017922
0.04407155
0.01561031
0.02039428
0.03196641
0.02084197
0.01189556
0.05295360
0.02907881
0.02334500
0.03630650
0.03238632
0.03338104
0.01750101
0.04779696
0.04420966
0.01425952
0.02521591
0.02721930
0.02947086
0.01748573
0.01767779
0.03495845
0.01005027
0.03555558
0.01398149
0.01078665
0.04094976
0.01949603
0.05013082
0.05894431
0.02913958
0.01831049
0.02960596
0.01735279
0.03024345
0.01402986
0.02129316
0.05662828
0.02791075
0.02598059
0.01049072
0.01769518
0.02643739
0.01247974
0.01195989
0.01080414
0.02170677
0.05550436
0.02528205
0.01141334
0.03194637
0.02355719
0.02003378
0.05058899
0.01578911
0.02282819
0.01660999
0.01990248
0.01723583
0.01416172
0.01701226
0.03817696
0.04021439
0.04362848
0.03134165
0.05659620
0.04626197
0.05209526
0.01197399
0.01051084
0.01690806
0.03570250
0.04898014
0.03437879
0.01346192
0.01447924
0.01617911
0.02873413
0.04566148
0.02732829
0.01544760
0.04771803
0.01417848
0.01410599
0.02530091
0.05708162
0.02896801
0.03522926
0.03284977
0.01367695
0.02833182
0.02348441
0.04177752
0.02847726
0.02633344
0.01141776
0.03378298
0.05335057
0.04672660
0.01133051
0.02798722
0.01062968
0.02416028
0.04351663
0.03043946
0.01742793
0.01127390
0.03089012
0.01437399
0.03121823
0.05161599
0.01335182
0.01488921
0.01304521
0.02073474
0.01679157
0.02005941
0.01613925
0.04215991
0.02033023
0.03539388
0.01495241
0.02581391
0.01929980
0.01228930
0.01346521
0.02671053
0.03797039
0.04040734
0.04949164
0.01691847
0.04287844
0.01920854
0.01153376
0.02562345
0.01010062
0.01139066
0.02771123
0.03493497
0.01458712
0.03099619
0.01396649
0.02377142
0.01580521
0.01381777
0.01438511
0.01604101
0.04736917
0.02888113
0.04011754
0.01034942
0.01714198
0.01410668
0.02009176
0.03411648
0.02477699
0.05685537
0.01853771
0.01703766
0.02672083
0.01986671
0.01018209
0.03606202
0.01608188
0.03695796
0.03076377
0.04104211
0.01925405
0.01195713
0.02167589
0.01090647
0.01852170
0.01438002
0.01716258
0.01925430
0.05483641
0.02156503
0.01287855
0.01061671
0.02724846
0.04216875
0.01642577
0.01888338
0.02569733
0.01638882
0.03023555
0.01680995
0.01705414
0.01740070
0.01215026
0.02161053
0.03278263
0.03075805
0.03246652
0.03597339
0.03378386
0.05533280
0.03419049
0.01144906
0.03437121
0.01176283
0.04040369
0.01602491
0.03647054
0.01387337
0.01332022
0.03280393
0.05896512
0.01314554
0.01854125
0.01310544
0.02347589
0.01902127
0.01303730
0.03243804
0.01154602
0.01269283
0.05454847
0.02986502
0.02310474
0.03806761
0.01054764
0.01980054
0.04035516
0.03501771
0.03268889
0.02309727
0.01736591
0.02091966
0.02993485
0.02122320
0.02335454
0.01622103
0.02307606
0.01024128
0.04187006
0.01530589
0.01977433
0.01786517
0.02379964
0.04715214
0.02300032
0.03239744
0.02508476
0.02558558
0.02363222
0.02264916
0.02425444
0.02287481
0.01731346
0.01012454
0.05482942
0.01660472
0.02448419
0.05481516
0.01748102
0.02816384
0.01190092
0.01489385
0.03963175
0.02369786
0.01355755
0.02768259
0.05471413
0.01609610
0.01600598
0.01507233
0.01234177
0.04607651
0.01293351
0.02630647
0.01870345
0.03462044
0.03625376
0.03505761
0.04632312
0.01066909
0.01621876
0.02482373
0.01922428
0.02443232
0.04167804
0.04422371
0.01195539
0.01248924
0.02220518
0.02548330
0.03814483
0.04714972
0.03762655
0.01754546
0.02400144
0.03153650
0.01283299
0.02791210
0.05771465
0.02117957
0.02351174
0.02416723
0.01169377
0.03416759
0.02111880
0.02369408
0.03174192
0.05858707
0.02795644
0.01922016
0.01733749
0.01452659
0.02044186
0.04951307
0.01906664
0.01676866
0.03874134
0.04246824
0.03795099
0.02576513
0.01971542
0.02801705
0.01803879
0.01998539
0.03680631
0.03577937
0.02893232
0.02186062
0.02382672
0.01489996
0.01772897
0.01717067
0.01744639
0.03910014
0.01725607
0.02556839
0.02708118
0.02714829
0.04066948
0.01091690
0.03273238
0.01708549
0.01620991
0.03539092
0.01048889
0.01321058
0.01471101
0.01750024
0.01885557
0.03482309
0.01754179
0.01348616
0.03822166
0.01015006
0.02289325
0.01337171
0.02779806
0.02515327
0.02731888
0.01892309
0.02637571
0.02330902
0.03084519
0.01867141
0.01164934
0.01306273
0.01086434
0.01643213
0.01257612
0.03870034
0.02136330
0.01957503
0.02553088
0.01713057
0.02549399
0.02042734
0.01175001
0.01579954
0.01030547
0.03812671
0.01963744
0.01203181
0.03251167
0.01553317
0.01781942
0.02413055
0.02274203
0.02214910
0.01706856
0.01655424
0.03934746
0.01192992
0.02067306
0.01236976
0.02624669
0.01302323
0.05354400
0.01201110
0.04001015
0.02070514
0.01637706
0.02199825
0.01874554
0.02269446
0.02120384
0.04183010
0.01055916
0.01777723
0.01396085
0.01401495
0.03779071
0.03206859
0.01658493
0.03151736
0.04023889
0.04692015
0.05911637
0.04538480
0.04441827
0.01742874
0.01495444
0.05398578
0.03904251
0.04030356
0.04057041
0.01570167
0.03081812
0.01941352
0.05193491
0.04205654
0.01492522
0.04212732
0.03506570
0.01168994
0.02619027
0.01764878
0.01339511
0.02348472
0.02657942
0.02918829
0.03211345
0.02245363
0.03472311
0.01683129
0.01530161
0.02121641
0.01430135
0.02188914
0.01970125
0.02564223
0.01480504
0.03170816
0.04237880
0.03175948
0.05700430
0.04808852
0.01841626
0.03914822
0.02578129
0.01357366
0.01656352
0.02571991
0.02129603
0.03085313
0.03006142
0.05970498
0.03382290
0.02275289
0.04064791
0.03309891
0.03103419
0.03637739
0.01852130
0.01406912
0.05010719
0.01433024
0.01674744
0.02165944
0.01544405
0.01723543
0.03359211
0.02066486
0.03196885
0.01523027
0.01401444
0.03306232
0.04143867
0.01059134
0.01267588
0.04427143
0.01077033
0.02091291
0.02155692
0.05488544
0.02037111
0.01474505
0.03375474
0.01046109
0.04404355
0.01219322
0.01461195
0.01686202
0.01269456
0.01553834
0.01838471
0.02450203
0.01058964
0.03471811
0.04913238
0.01190856
0.02849630
0.02872219
0.02549393
0.03025317
0.03456386
0.05292679
0.02053060
0.01298627
0.02347008
0.02764998
0.03714295
0.02676957
0.01194134
0.01272046
0.01122578
0.05371482
0.04108024
0.01206405
0.01750690
0.01154711
0.04759985
0.01768276
0.02815920
0.01559236
0.01631719
0.01969694
0.02925166
0.01672060
0.01039523
0.03631462
0.04540949
0.05487266
0.02732403
0.02915244
0.02546983
0.04913319
0.01936788
0.01601956
0.04030284
0.01081018
0.03542661
0.02366211
0.04026002
0.03039005
0.05431321
0.01076879
0.03643902
0.02344844
0.05053370
0.01573122
0.04316251
0.05517645
0.01848643
0.01567585
0.03311630
0.02053690
0.01189444
0.04296212
0.01382132
0.01914475
0.01673227
0.01940131
0.05645234
0.01822119
0.01272745
0.02136837
0.02339363
0.02141894
0.02827219
0.01472272
0.01114743
0.01236380
0.05886985
0.01544712
0.01010649
0.03206927
0.01692920
0.01603639
0.03317165
0.04634468
0.01608609
0.04237678
0.01996132
0.02604003
0.01558227
0.03679706
0.05405969
0.02523388
0.01577558
0.01194485
0.02840502
0.01741943
0.02222212
0.03571117
0.02466397
0.01419575
0.01702352
0.01568077
0.01259619
0.03512674
0.02549283
0.01016393
0.05397222
0.01959210
0.04755604
0.01746995
0.01769073
0.01261776
0.03191065
0.01867357
0.02523057
0.02002222
0.02481737
0.04708370
0.05135890
0.03046556
0.03448117
0.03741409
0.01916363
0.01378125
0.02748081
0.03012591
0.01236329
0.02749720
0.03538870
0.01659777
0.05142031
0.04480882
0.01252409
0.03813367
0.01716286
0.02829467
0.05875480
0.03151845
0.02629412
0.03652920
0.02424995
0.01393457
0.01449521
0.04114545
0.01057752
0.01594420
0.03009637
0.02676650
0.02152176
0.03929802
0.01860401
0.02945061
0.01268044
0.03291653
0.04023426
0.01430552
0.01262999
0.03474102
0.01028872
0.03248959
0.01993990
0.05044385
0.01487633
0.02402718
0.02692584
0.01928105
0.03345740
0.04122830
0.02055437
0.02554463
0.02117244
0.01393388
0.02598649
0.03484077
0.05266865
0.04500896
0.03890334
0.04025862
0.01906087
0.03569785
0.01997224
0.01052949
0.01447793
0.03602746
0.01338458
0.03197657
0.03800108
0.02715474
0.02165806
0.02819781
0.01066180
0.03971336
0.04773684
0.01163182
0.03742372
0.01429489
0.05956289
0.02111850
0.05047212
0.01680824
0.02740214
0.03953953
0.01612730
0.01586826
0.03168406
0.02564311
0.01736151
0.01329312
0.01805205
0.05506310
0.02711501
0.02134284
0.04648696
0.03895574
0.02301470
0.03471636
0.02980922
0.03548092
0.02377926
0.01569796
0.01412775
0.05062291
0.02998109
0.03400764
0.02269916
0.03493867
0.02475353
0.01031755
0.02507779
0.01663794
0.02559418
0.02434544
0.01056816
0.03305435
0.02631597
0.04541410
0.03168822
0.01104793
0.01322321
0.01564090
0.03530619
0.02985578
0.03672275
0.04950416
0.04598940
0.01629753
0.01264749
0.01612375
0.01616900
0.03394755
0.03480329
0.01690541
0.03560107
0.02410588
0.01832718
0.03122467
0.02850269
0.03649549
0.04310842
0.02151650
0.03287745
0.01962721
0.03431686
0.04240914
0.02640761
0.03110829
0.01026628
0.02041608
0.02666695
0.01201804
0.01620062
0.03529595
0.02536498
0.02124447
0.01758674
0.01433961
0.01927075
0.02706646
0.03137412
0.05959809
0.03373653
0.05218640
0.01787812
0.03116152
0.03873889
0.04612408
0.03082517
0.02945917
0.04222157
0.04694525
0.03257774
0.05774219
0.04876246
0.03645389
0.03806913
0.03074885
0.01655337
0.02359981
0.01503637
0.01230895
0.03232691
0.02133125
0.04784260
0.01454096
0.02432989
0.04080360
0.02804943
0.02664946
0.02148139
0.02450117
0.01059280
0.01882980
0.01933711
0.02324908
0.01257971
0.02799706
0.03598605
0.02436195
0.03721944
0.01279434
0.03303630
0.03078505
0.01201141
0.04709068
0.04432687
0.03685115
0.03640529
0.01887187
0.05664685
0.01736302
0.02524829
0.05420413
0.01928047
0.03398692
0.03569633
0.02770043
0.04600673
0.02765956
0.01370587
0.01190571
0.01024945
0.03302410
0.05230409
0.02637943
0.02000372
0.01147183
0.05808164
0.01429534
0.02405771
0.02335367
0.01453517
0.04975360
0.01048208
0.02049121
0.03661190
0.02299516
0.04058513
0.03893178
0.01328067
0.02652038
0.01005332
0.01123882
0.03996583
0.02085964
0.02824586
0.02764586
0.01563861
0.01494458
0.03791716
0.01411339
0.01383452
0.01329464
0.03053802
0.02221685
0.01074537
0.01155313
0.04471923
0.05145567
0.01442113
0.02649299
0.01264464
0.02262203
0.01073674
0.02405636
0.03650364
0.01937256
0.01178453
0.03648575
0.02391926
0.01085667
0.02116379
0.04250094
0.01705723
0.03314862
0.04175927
0.01810577
0.01956768
0.04238096
0.02232808
0.01970608
0.04281591
0.02373124
0.01836647
0.01903725
0.04682842
0.01125371
0.01602190
0.01248735
0.03700083
0.05860803
0.01193530
0.02203854
0.03247250
0.03696187
0.01768301
0.01657170
0.02952120
0.02600618
0.01312044
0.02397298
0.05100413
0.02214719
0.03924241
0.04107136
0.01705978
0.02288105
0.02439784
0.01686180
0.03249528
0.01388246
0.03854733
0.01026995
0.01701972
0.01003952
0.03183077
0.03448994
0.01847898
0.04992761
0.02124602
0.04727307
0.01362914
0.01497183
0.02251765
0.04220770
0.02425534
0.03271205
0.01315689
0.03401178
0.01992445
0.05538764
0.05052745
0.02248044
0.03920165
0.01372691
0.05591465
0.02374261
0.01119512
0.01179353
0.02159244
0.03503457
0.02476969
0.03845221
0.01975673
0.02574451
0.04144019
0.02430027
0.01583210
0.01886209
0.01245787
0.03344699
0.04030246
0.04460702
0.02546399
0.01096838
0.01188283
0.03723885
0.02678193
0.01282000
0.02375937
0.01019305
0.03895928
0.01909599
0.01449309
0.04532105
0.01551432
0.02333166
0.01039828
0.03041233
0.02120677
0.01564158
0.01646009
0.02289756
0.01629587
0.03443767
0.02137034
0.01669444
0.01486432
0.02023400
0.01317461
0.02652375
0.02197979
0.01933033
0.03894125
0.01707026
0.03132286
0.05477170
0.01334630
0.02145631
0.02904080
0.03242092
0.02876257
0.04846389
0.03061925
0.01568424
0.03934414
0.02102109
0.02761188
0.04618939
0.02867299
0.01696590
0.02920383
0.04019985
0.02642634
0.02437277
0.04111447
0.02017969
0.01320980
0.03797138
0.02054387
0.02341176
0.01054402
0.01580756
0.03378364
0.01259499
0.02470371
0.02759644
0.02423109
0.02562044
0.02124726
0.02176700
0.03979042
0.01660691
0.03680062
0.05675616
0.01211124
0.01247694
0.01048371
0.01658563
0.04913601
0.02957250
0.02669068
0.01732728
0.01206663
0.04365523
0.02616460
0.02618130
0.01353382
0.02400716
0.03701021
0.02571907
0.01620301
0.02844381
0.04973149
0.03190992
0.02538907
0.04190883
0.01157007
0.01342771
0.01895128
0.02212916
0.04947484
0.03790874
0.03974202
0.01972293
0.01506720
0.02395671
0.02613059
0.02578746
0.01249267
0.03629689
0.03285375
0.03268018
0.01031479
0.02720294
0.01529628
0.01729650
0.01428935
0.02246480
0.01040958
0.01283152
0.02381805
0.02390320
0.02931440
0.01640399
0.01511288
0.02436346
0.03704422
0.02743664
0.02479990
0.01311883
0.04134246
0.01321668
0.05618896
0.05001278
0.02259553
0.05703147
0.01458124
0.02421644
0.03430220
0.05754703
0.01108571
0.02969014
0.01752472
0.05251499
0.03570302
0.02075340
0.02374211
0.01931450
0.01272276
0.03608737
0.01601440
0.04584662
0.01341663
0.02235329
0.01958579
0.01361371
0.01805418
0.03031441
0.05259922
0.02350787
0.01229823
0.02372386
0.03724117
0.05900532
0.01090038
0.02630816
0.03057351
0.02888214
0.01263978
0.01438659
0.02258419
0.04522557
0.03342076
0.01058848
0.03402333
0.02153290
0.04055895
0.01679368
0.02839814
0.03527593
0.02320794
0.04588629
0.03052952
0.03732813
0.04774601
0.01624698
0.02583648
0.04209920
0.01863735
0.03262407
0.01936477
0.01046065
0.03884415
0.01260391
0.04719006
0.03096062
0.01505730
0.03674671
0.01498166
0.01993522
0.01610988
0.01038476
0.04696884
0.02013309
0.03641476
0.01688519
0.02745649
0.02930538
0.02130886
0.01500823
0.01610566
0.03049734
0.03423489
0.02122530
0.01464178
0.02065515
0.04400220
0.01272069
0.02592315
0.05008260
0.01251869
0.04758487
0.02433686
0.04262377
0.01898030
0.01415118
0.03555652
0.01296933
0.01553421
0.03438524
0.04213926
0.03897619
0.03774658
0.03706670
0.03619170
0.03026160
0.01799316
0.01752895
0.05319337
0.05401783
0.01091891
0.01062450
0.02626598
0.04026195
0.01577141
0.03595788
0.02801950
0.04991187
0.02545785
0.04408324
0.05847482
0.02283625
0.02557105
0.04851248
0.01936551
0.02637313
0.04927330
0.03081967
0.04698148
0.02353468
0.04179426
0.01198463
0.01446778
0.01742847
0.01767703
0.04139807
0.01935525
0.04466443
0.01993387
0.03295055
0.03578865
0.02008137
0.02828911
0.01781838
0.01092873
0.01194079
0.01972109
0.02660658
0.05436914
0.01209064
0.02365028
0.01851247
0.01241877
0.02554136
0.01944961
0.03705768
0.01789590
0.03283651
0.01103768
0.01107022
0.02134092
0.01976395
0.01428266
0.01101485
0.01900304
0.01313265
0.01998390
0.01635114
0.01835516
0.01888321
0.02764503
0.01253545
0.01328929
0.02585718
0.04461371
0.03508756
0.01531634
0.01632010
0.02060938
0.05276990
0.02565306
0.03330231
0.02897045
0.02128304
0.02304520
0.03529819
0.04148573
0.03095458
0.03994307
0.04512611
0.01256282
0.02008611
0.04313068
0.02416617
0.02536202
0.01154131
0.02688932
0.02804641
0.02433229
0.01450617
0.05045199
0.02700721
0.04905246
0.01004226
0.04361646
0.01208705
0.03930516
0.01075323
0.02307852
0.01542043
0.03225556
0.01566626
0.01157006
0.01373937
0.01497989
0.01545151
0.04085614
0.03308307
0.03396071
0.02185751
0.05305887
0.02518970
0.02301550
0.02237572
0.03125352
0.01760866
0.01570970
0.01221016
0.03935696
0.04171816
0.03944923
0.01618413
0.02349861
0.03212392
0.02750654
0.01884868
0.03508311
0.01495689
0.02065474
0.01347423
0.02529093
0.01218540
0.03689869
0.01847464
0.01457570
0.03873496
0.02443939
0.04433164
0.01613333
0.02949920
0.01687678
0.01772203
0.02872067
0.05224688
0.03489924
0.02213349
0.05956012
0.01756350
0.02785275
0.03826852
0.01441934
0.02258717
0.01274534
0.01322616
0.05964427
0.01692801
0.02261546
0.04173869
0.01994115
0.02000519
0.02759111
0.02935432
0.03375601
0.01300406
0.02506721
0.01973237
0.01131431
0.05107343
0.03510412
0.04884222
0.01764681
0.02806451
0.04463291
0.01871628
0.01689813
0.02616365
0.01340664
0.02687689
0.01127553
0.02839089
0.04094350
0.01429863
0.02165886
0.02720280
0.01535215
0.04328356
0.01745981
0.05702756
0.02236133
0.03319126
0.01135167
0.01530034
0.04994653
0.02155137
0.05079411
0.01419948
0.04201224
0.02739124
0.02004928
0.05953860
0.03517800
0.01109185
0.01612192
0.02900686
0.04882627
0.02878656
0.01693124
0.02378534
0.01530901
0.03695711
0.01312654
0.04215626
0.03344438
0.02074703
0.01884700
0.01603897
0.01989730
0.02310608
0.03354104
0.01363670
0.02689726
0.02910554
0.03778296
0.03891284
0.01708522
0.02229528
0.03528908
0.01745869
0.03939128
0.02794046
0.02735943
0.02894584
0.05915670
0.01100053
0.01790540
0.03022766
0.01694135
0.01931638
0.03329441
0.04193820
0.01977157
0.02526919
0.01431163
0.03503708
0.02756768
0.01168859
0.02182235
0.02432643
0.04144346
0.01124674
0.03868384
0.01507611
0.01967094
0.01300971
0.03293750
0.01330232
0.03029370
0.03084350
0.04915896
0.02252627
0.02442334
0.01232205
0.01379584
0.02797146
0.01617213
0.02005801
0.03443633
0.05345333
0.01756349
0.03308633
0.01095083
0.01422929
0.04106004
0.04383090
0.02478251
0.02366136
0.01011533
0.02055156
0.01572193
0.01314878
0.05732213
0.01627277
0.03237856
0.01162688
0.01776054
0.03654247
0.01083677
0.01810680
0.02771654
0.04860951
0.01960192
0.01418747
0.02738618
0.04350724
0.01521394
0.01591810
0.05983408
0.02201134
0.02983108
0.02310186
0.05339987
0.03389867
0.05947080
0.02816604
0.05842706
0.01411122
0.01083675
0.01792405
0.03273503
0.01507263
0.02208974
0.01923952
0.03725770
0.03415989
0.04816427
0.01685808
0.01811830
0.04393639
0.01918029
0.01166725
0.01638200
0.03077504
0.02229504
0.01811657
0.03436730
0.01930399
0.01469675
0.01454237
0.01900928
0.02129338
0.01365593
0.01224021
0.05474208
0.04273211
0.04863632
0.04535594
0.01970844
0.05485636
0.01454864
0.01661857
0.03589022
0.01562715
0.05971580
0.01768413
0.05697300
0.02855338
0.03501301
0.04412765
0.02893839
0.02506819
0.02681242
0.01986335
0.01600339
0.04590143
0.01858295
0.04274734
0.01399444
0.03654952
0.01046205
0.02671988
0.01069544
0.02869283
0.03662280
0.01608183
0.02759952
0.01842379
0.02022346
0.01424136
0.02852481
0.03946389
0.01425519
0.01079953
0.02277172
0.04120541
0.05247462
0.01871244
0.02570523
0.02228998
0.01311394
0.02089388
0.01305287
0.02569151
0.01949271
0.03986405
0.01106242
0.03747143
0.01633622
0.04131819
0.02179011
0.02739453
0.01757853
0.02802358
0.01275991
0.04229012
0.02089368
0.03728953
0.02253727
0.03505382
0.03413177
0.01044091
0.02615950
0.01742088
0.02994751
0.02333647
0.01532653
0.01866523
0.04473324
0.01501720
0.02469077
0.01308786
0.02152141
0.03696998
0.01748979
0.04585894
0.02546959
0.02531120
0.03196049
0.01757065
0.02434977
0.01625956
0.04060616
0.02581626
0.03911732
0.02827178
0.02385689
0.01670558
0.02364003
0.01166086
0.05038599
0.01911648
0.05595960
0.02044244
0.05725407
0.01400794
0.02185995
0.01908071
0.01694773
0.02739578
0.04221357
0.02466907
0.01044308
0.02198894
0.01653550
0.04651665
0.02221799
0.05357636
0.01277903
0.04143246
0.01669154
0.02874012
0.01134400
0.04855995
0.01528608
0.03035142
0.01982104
0.01017611
0.05836320
0.02236769
0.01367629
0.01299171
0.02479189
0.01033557
0.03670531
0.02908402
0.01278335
0.03722536
0.01668675
0.01968659
0.04081339
0.01797533
0.04739264
0.01931354
0.01166291
0.05369639
0.05115937
0.03595861
0.03685796
0.01742752
0.01040080
0.02362737
0.01769763
0.04419262
0.01964285
0.02305341
0.01006227
0.02431744
0.01479107
0.02216747
0.02146671
0.01921903
0.01239471
0.01121062
0.01395149
0.02112221
0.05581874
0.02086420
0.02107054
0.01704830
0.04514221
0.02172482
0.01519516
0.04997584
0.02012501
0.01759577
0.01816186
0.01258358
0.04936848
0.03566599
0.04618836
0.01382165
0.03917767
0.01059497
0.04569622
0.04157119
0.02180807
0.02440345
0.02314438
0.01249576
0.03227793
0.04145329
0.01402916
0.03948440
0.01833997
0.03926330
0.01498444
0.02141931
0.02693190
0.04725227
0.01187208
0.02805257
0.02453936
0.01661014
0.02424584
0.03499400
0.02961058
0.03283227
0.05632115
0.01703198
0.01629121
0.02810932
0.01844830
0.01794225
0.02945471
0.02778384
0.01828684
0.01020580
0.02553306
0.03532218
0.02462431
0.05057999
0.02276843
0.01650473
0.01728654
0.02687257
0.01524328
0.01352236
0.02283845
0.01639562
0.04040417
0.05441393
0.01460376
0.04040048
0.01149150
0.04694439
0.01447535
0.01153184
0.01385052
0.02538047
0.02814149
0.02074925
0.03675561
0.01598781
0.03418254
0.03930253
0.02603950
0.01276708
0.01779129
0.04989742
0.03112512
0.01717250
0.01513150
0.02693286
0.03936086
0.02652887
0.03483021
0.01066240
0.03092883
0.03331145
0.01840513
0.03100534
0.01982934
0.02250785
0.01871396
0.01727930
0.01461076
0.02724826
0.01802433
0.02002455
0.03693403
0.01288097
0.01537043
0.01851119
0.01646014
0.02017096
0.05976549
0.04343801
0.03405340
0.04125118
0.05617624
0.01193602
0.02676211
0.03338672
0.03119644
0.04869283
0.02626605
0.03325368
0.03117314
0.03994677
0.01883547
0.02533265
0.03640645
0.01268803
0.01272274
0.01294221
0.05815824
0.02736531
0.03997130
0.01746689
0.02623665
0.03647386
0.05086422
0.03620228
0.03463060
0.01180102
0.01555450
0.02027867
0.01026732
0.03029531
0.02383715
0.02858981
0.02989843
0.05017519
0.02568207
0.04445213
0.01018845
0.01054686
0.02740082
0.04696496
0.03252845
0.05217509
0.03941469
0.04574437
0.01276736
0.02530254
0.03534152
0.04476250
0.04666193
0.03202862
0.01220872
0.03832844
0.02599900
0.01580200
0.01783679
0.03048916
0.01579635
0.02744437
0.01402970
0.01873450
0.01289297
0.03613969
0.02822131
0.02954019
0.02387424
0.01653178
0.01892478
0.02677524
0.01846074
0.02463195
0.01888091
0.01656143
0.01633914
0.02683261
0.01677083
0.01847757
0.03152768
0.04251747
0.02902051
0.03570256
0.01957898
0.02930153
0.03031773
0.02598503
0.02820549
0.01675037
0.02715842
0.04878923
0.04097807
0.01690128
0.01935000
0.01342980
0.03518054
0.04848324
0.03566534
0.02902580
0.02522946
0.03829665
0.03094963
0.02309666
0.02289019
0.02676449
0.02698812
0.02635861
0.02355075
0.01794647
0.01832061
0.01003223
0.01271217
0.04757326
0.01361699
0.03098310
0.02762623
0.04500685
0.02500750
0.02525203
0.04823352
0.01630432
0.02414570
0.01911170
0.01744687
0.02188113
0.01241555
0.01957940
0.03709552
0.01147336
0.01736653
0.01713209
0.02941872
0.01829451
0.01781502
0.02907130
0.01683428
0.05072920
0.04666186
0.04266252
0.02300734
0.03001054
0.01864147
0.01604337
0.03109196
0.04202420
0.05052710
0.01051416
0.04207044
0.03408399
0.03887242
0.03179039
0.04531535
0.01119718
0.01731488
0.01298897
0.02419925
0.02360223
0.01506802
0.01447057
0.03207123
0.01833052
0.01560827
0.02165106
0.03239896
0.03937436
0.01409611
0.01611046
0.01819034
0.03111063
0.01736513
0.04524694
0.02814544
0.01623373
0.02431114
0.03216128
0.01556119
0.01145075
0.02106376
0.03665989
0.01548434
0.05151108
0.03495973
0.03782454
0.01186388
0.03068747
0.04311579
0.01412752
0.02825368
0.04451080
0.02058862
0.01918885
0.03902449
0.02494008
0.01047119
0.04038173
0.01130697
0.01788826
0.01840387
0.02637208
0.05968627
0.02645946
0.02100911
0.03215500
0.02027590
0.01204521
0.01600778
0.01657576
0.01276797
0.02690290
0.01309514
0.03029165
0.01048912
0.02567865
0.03534831
0.01667102
0.04837330
0.02624681
0.03047135
0.01075400
0.04024983
0.01076543
0.01674595
0.04521730
0.02550855
0.02448742
0.01530797
0.03449790
0.03536416
0.03468145
0.02830484
0.03613351
0.01632178
0.03431931
0.02796046
0.04679838
0.05011492
0.01040690
0.02281892
0.01501715
0.02673800
0.02010794
0.02740001
0.01003434
0.01849359
0.02736156
0.01241737
0.02946043
0.03469933
0.02432200
0.02894103
0.01647420
0.02270199
0.02173154
0.01534331
0.03404813
0.04137667
0.02781290
0.01661142
0.01974891
0.01297092
0.02290752
0.01784245
0.04598979
0.03619766
0.01840514
0.02637588
0.01577261
0.03135822
0.05078967
0.01668262
0.01532499
0.05174321
0.01322312
0.01202513
0.01975462
0.01706595
0.02040866
0.03660787
0.03179358
0.02347188
0.02006242
0.02355058
0.03265806
0.02409746
0.01714748
0.03938093
0.02631165
0.01422697
0.01051096
0.01664405
0.02140181
0.02908332
0.02155059
0.03285633
0.03237042
0.01251403
0.03464516
0.03503213
0.03517456
0.01496870
0.01995012
0.01444762
0.01316971
0.02050210
0.04073297
0.04673788
0.03925547
0.02414350
0.05989304
0.01428203
0.02194619
0.02811901
0.01472172
0.03207069
0.03400617
0.02620247
0.01713952
0.02731767
0.02179759
0.03424112
0.01159704
0.03384835
0.01146719
0.01980017
0.02322698
0.02128414
0.03297986
0.01254386
0.01589325
0.02909216
0.03721541
0.02041075
0.03625277
0.02358397
0.01292955
0.02213331
0.01156234
0.02403369
0.02649332
0.03329787
0.03159885
0.01415973
0.03220685
0.02744238
0.02198124
0.01169330
0.01276670
0.04136375
0.02304917
0.01225580
0.01256958
0.02770734
0.03849479
0.03293443
0.01894999
0.01934608
0.01380971
0.01467575
0.04027326
0.01252385
0.03334761
0.01414553
0.04811218
0.02366328
0.04336541
0.03003238
0.01407624
0.05919291
0.03438227
0.01459663
0.01249464
0.01303546
0.05394939
0.03217377
0.01218823
0.01280229
0.01322587
0.01750002
0.03324951
0.02330884
0.03781190
0.04279608
0.04858502
0.01310131
0.03744022
0.03361858
0.01041098
0.01225162
0.02952041
0.02081590
0.03400507
0.02689140
0.03768069
0.01404208
0.02808541
0.04273392
0.02901582
0.02719083
0.01260133
0.05592834
0.01187558
0.01293412
0.01956094
0.01319364
0.01798581
0.02044455
0.01702750
0.01446438
0.01274719
0.02595717
0.04540618
0.03242879
0.01247589
0.02254126
0.01112446
0.04949976
0.02448844
0.01763005
0.03847778
0.03212705
0.02995112
0.01843938
0.02971667
0.04408099
0.03639705
0.03245245
0.01117700
0.02748644
0.02784764
0.02627006
0.03798563
0.01767588
0.01256140
0.02178529
0.04094665
0.02122744
0.04354919
0.01399621
0.05363684
0.01345852
0.05977842
0.03385648
0.01372794
0.04180839
0.01361247
0.03428632
0.01595343
0.03387890
0.02680388
0.01269501
0.04021482
0.01890273
0.01923152
0.03084286
0.01870344
0.03746581
0.04250286
0.04206619
0.05205532
0.04951691
0.01434620
0.02465913
0.01762890
0.04081179
0.02239474
0.04970278
0.01150941
0.03948391
0.04095204
0.05220152
0.04926631
0.02732904
0.02583670
0.02497748
0.04606066
0.01161361
0.03387091
0.04649984
0.02324194
0.03787603
0.01228303
0.05342874
0.05185839
0.02754464
0.03771624
0.01058603
0.01232893
0.04540456
0.02656416
0.05351660
0.02936722
0.03717307
0.02358898
0.04346322
0.03345512
0.02210181
0.01598313
0.05120923
0.01422185
0.01689792
0.02310329
0.03664103
0.03873195
0.02139350
0.01436301
0.04095455
0.02956563
0.01552000
0.01016931
0.02606771
0.04225733
0.01575788
0.03902731
0.02112787
0.02561121
0.01473469
0.04290033
0.01803886
0.02004978
0.01583130
0.04427869
0.01554197
0.02033821
0.03288807
0.01000696
0.03219606
0.03943986
0.02552652
0.02680138
0.01800984
0.02496831
0.02964773
0.01734247
0.04739764
0.01193838
0.04235495
0.02945213
0.02702596
0.02271265
0.01820220
0.04785350
0.03357491
0.04689575
0.02657405
0.02397573
0.01653945
0.01741795
0.04254015
0.01572145
0.04924154
0.02917718
0.03178252
0.05152375
0.01551093
0.01787138
0.01376382
0.02956490
0.04954010
0.04542905
0.01361607
0.05582212
0.02780145
0.03493260
0.02411541
0.01147742
0.02941068
0.04013940
0.02169797
0.02440222
0.02681804
0.05107784
0.02341770
0.04248877
0.02873795
0.02676880
0.01944149
0.01018140
0.01622198
0.04601799
0.01854272
0.02154967
0.03410303
0.03248588
0.02651090
0.01240589
0.01598849
0.01897627
0.01341367
0.01988941
0.03130564
0.01933324
0.02579973
0.03207172
0.02400046
0.03794088
0.03103981
0.01459928
0.02240212
0.01082396
0.01516715
0.03325760
0.03762994
0.01073941
0.05145898
0.02227922
0.01115653
0.05801231
0.05116476
0.04096096
0.02338742
0.03895249
0.05056464
0.01037092
0.01461013
0.01033060
0.04552196
0.03674054
0.01204352
0.02517267
0.02619098
0.01270749
0.02523264
0.02046600
0.01476577
0.05659804
0.01668809
0.01491586
0.01097771
0.02195172
0.02925045
0.04721391
0.03699792
0.02038114
0.03318593
0.01993909
0.01606978
0.01859804
0.01188726
0.02487257
0.02402225
0.01306545
0.02060746
0.01839879
0.03061613
0.01454284
0.01989481
0.02407129
0.02870716
0.03723621
0.04623830
0.05143354
0.01489716
0.02938727
0.01581532
0.02598919
0.01079640
0.03227190
0.04308896
0.01727859
0.03616675
0.02359334
0.03171503
0.02851198
0.03231241
0.01225101
0.01552890
0.02049798
0.01880070
0.05441542
0.01238047
0.01952805
0.01679650
0.01993364
0.02332112
0.01945144
0.01142796
0.02371537
0.02012930
0.01958587
0.03422464
0.02292510
0.01813169
0.03921173
0.03624953
0.04573439
0.01201899
0.01465780
0.05460829
0.01882793
0.04228849
0.04042838
0.01558528
0.02337074
0.04334159
0.02517682
0.04408886
0.02206062
0.02928156
0.04610958
0.03650334
0.01451316
0.02813225
0.03794151
0.03907221
0.02139531
0.04857018
0.03272233
0.01010690
0.05675081
0.04059737
0.01674918
0.01889538
0.02943482
0.04240202
0.05538580
0.02471462
0.03210122
0.01935112
0.01560365
0.02519584
0.01805622
0.05718991
0.02746653
0.01515267
0.01144847
0.03210219
0.03564338
0.02271608
0.01704171
0.03323470
0.05075765
0.01702339
0.03936207
0.03809236
0.02520963
0.01856718
0.01936416
0.03734617
0.01792444
0.01623876
0.01824988
0.05920868
0.03454951
0.01504106
0.01358785
0.02898431
0.01437475
0.01137158
0.05714667
0.01085681
0.03050497
0.02679197
0.02012705
0.01750503
0.04477507
0.02415266
0.01538340
0.05513690
0.01840851
0.01482795
0.03867925
0.02307104
0.01237463
0.04331391
0.01510169
0.01211882
0.04091514
0.01442613
0.02042005
0.02283721
0.03933838
0.01571517
0.01568027
0.01568304
0.02482644
0.02102097
0.03423871
0.01041548
0.04313513
0.02398328
0.05159568
0.03667672
0.03925067
0.02907127
0.01788885
0.01433330
0.02087383
0.03147297
0.02682418
0.02609677
0.02597926
0.02516425
0.01653578
0.01835890
0.02396301
0.01061942
0.01392576
0.03013942
0.03619864
0.01171981
0.01639200
0.02496775
0.03457618
0.01920989
0.03379378
0.01734322
0.01881670
0.01223305
0.02540819
0.02149562
0.03746869
0.01465935
0.03735642
0.01033543
0.03270892
0.01566024
0.02601575
0.01778641
0.02607802
0.01734814
0.02198547
0.01555967
0.02341612
0.02339185
0.04219879
0.03730319
0.02649305
0.05669549
0.01413163
0.03018367
0.01122429
0.01206323
0.04130369
0.03558085
0.02852530
0.01166460
0.02625996
0.04382672
0.04832033
0.02728027
0.01213120
0.04084469
0.01849480
0.01026312
0.02999310
0.01413417
0.03033124
0.05314926
0.01612539
0.03242224
0.02831300
0.05114442
0.04879345
0.01502505
0.02669141
0.02646768
0.03291210
0.04127170
0.04027181
0.01245773
0.03086964
0.01541945
0.04408654
0.04508041
0.01945356
0.04534446
0.01392865
0.04090784
0.01416574
0.03034151
0.01028712
0.04283081
0.04826532
0.01027427
0.04042221
0.04029338
0.02932154
0.03318621
0.02100841
0.01352536
0.03097382
0.03899836
0.02140560
0.05804472
0.02492483
0.05215993
0.01719228
0.01573594
0.03962243
0.01326041
0.01968087
0.01493067
0.02148547
0.02662550
0.01478899
0.02592402
0.04579992
0.03050228
0.01352528
0.01671486
0.01965137
0.03640914
0.05599191
0.03632514
0.01254304
0.01409043
0.01945227
0.01380918
0.02888445
0.04338233
0.02461193
0.04223731
0.04393823
0.02475235
0.02896856
0.03244238
0.02822751
0.02774392
0.04670999
0.01223212
0.01517644
0.01413684
0.02474143
0.01884721
0.03442611
0.01917319
0.01104812
0.01222443
0.02695828
0.01530966
0.03244522
0.01399021
0.02295948
0.03144957
0.03831528
0.03537551
0.01760247
0.02116215
0.02608287
0.05497076
0.05778838
0.02405879
0.01575937
0.04311882
0.04106143
0.01576602
0.05175005
0.03712903
0.03596876
0.03527735
0.02429549
0.02896759
0.01507600
0.01747538
0.01954023
0.01990698
0.04173282
0.03974364
0.02679434
0.05932764
0.02470255
0.02215484
0.02851717
0.05011971
0.01519374
0.02418320
0.01339032
0.04704750
0.03296048
0.01424597
0.02478838
0.01377262
0.03323518
0.02803497
0.01922968
0.03486520
0.03179072
0.02769576
0.01695422
0.01814102
0.02802817
0.02130497
0.01441925
0.03148950
0.01641011
0.01943839
0.01006783
0.03155483
0.01406689
0.01553884
0.02386402
0.04885335
0.02512703
0.02077444
0.02762866
0.01559468
0.02739152
0.01098818
0.03876275
0.02809265
0.01697382
0.02032111
0.03526244
0.02258575
0.02265609
0.03238970
0.01580226
0.01633892
0.02364753
0.01933916
0.01448384
0.01938657
0.05371713
0.05173428
0.01719333
0.01978218
0.01007045
0.01130118
0.01787753
0.03157506
0.01320881
0.05390018
0.01244717
0.01112218
0.01092303
0.01502968
0.01801873
0.03687123
0.01402103
0.02129497
0.02419460
0.01104381
0.02453406
0.03720886
0.04982495
0.03266709
0.05981560
0.02933250
0.01016237
0.01191823
0.02457625
0.01155216
0.04486284
0.01829594
0.01257571
0.02439207
0.01862220
0.02129405
0.02880372
0.02127307
0.03293027
0.02738304
0.02391191
0.02145848
0.01323861
0.02992449
0.01096082
0.02484998
0.02057052
0.02945934
0.01466258
0.01764357
0.04853159
0.02071002
0.01263713
0.02264910
0.02438762
0.05393694
0.01566088
0.04821309
0.02858531
0.04066135
0.04714898
0.01191933
0.02791623
0.01236825
0.04569722
0.01712761
0.04352735
0.02003821
0.03641894
0.01982489
0.01115027
0.02283210
0.01372146
0.02154218
0.02405521
0.02624141
0.01861011
0.04792560
0.01062879
0.01238489
0.01081468
0.01927010
0.01194685
0.02257199
0.01360354
0.03223427
0.01197977
0.01624581
0.05602358
0.01912409
0.02544514
0.03379073
0.03171402
0.01095651
0.01480688
0.02866643
0.02200268
0.04824746
0.04012918
0.02019780
0.02352354
0.02105341
0.02650376
0.01117715
0.01176621
0.04139466
0.02388348
0.03680312
0.01506591
0.02413407
0.02312321
0.01606743
0.01545193
0.01220779
0.01901198
0.02118898
0.03072839
0.01618974
0.02067943
0.04988419
0.03671301
0.02983117
0.01717574
0.04085951
0.01659067
0.04096131
0.03032753
0.03638962
0.04947163
0.05952088
0.02213974
0.01727837
0.02899384
0.01875513
0.01388958
0.04187420
0.03479814
0.02409711
0.03498306
0.02533355
0.02769314
0.05714543
0.04386371
0.01097625
0.03145592
0.02299272
0.01993174
0.02293589
0.03884336
0.02789881
0.01429418
0.02584268
0.01350985
0.01005089
0.01566387
0.01766493
0.05625192
0.01573307
0.03156902
0.02369537
0.04357638
0.03113906
0.04338902
0.04655406
0.01104419
0.04938165
0.01423542
0.03525631
0.03891147
0.01161529
0.02114710
0.04691813
0.02802525
0.04324926
0.03951587
0.01640945
0.02483975
0.01117466
0.01038124
0.02801127
0.05265429
0.02567973
0.01553785
0.01409544
0.01132282
0.02513576
0.01929650
0.02569722
0.04491604
0.03299650
0.01773256
0.01530291
0.01865225
0.02129693
0.01772843
0.03967894
0.01233170
0.02704596
0.03154012
0.02072735
0.01196155
0.05282485
0.01297018
0.01626445
0.02681516
0.04959094
0.01072523
0.01734278
0.01154449
0.03187323
0.02805411
0.01100073
0.03296279
0.02906939
0.03934347
0.05745813
0.02637950
0.03194393
0.01447432
0.01505797
0.03552901
0.02122804
0.01278371
0.01900266
0.02384699
0.01912232
0.04760540
0.02749650
0.03815122
0.01921915
0.03277887
0.01372206
0.01576533
0.02004636
0.01049920
0.02010345
0.01817197
0.02979436
0.02033014
0.01550947
0.04416902
0.05800168
0.03449788
0.01897008
0.01541077
0.01780010
0.02444811
0.02384122
0.02204333
0.02510074
0.03002080
0.03180783
0.03946324
0.02811179
0.03795608
0.01961388
0.04831700
0.02028185
0.04116779
0.05652925
0.01191034
0.02261765
0.02955696
0.01990445
0.02102939
0.04773835
0.03890843
0.04028113
0.02693056
0.01660363
0.03188801
0.02354737
0.02344514
0.01307936
0.02844135
0.02132102
0.02076930
0.03962013
0.02850754
0.02194806
0.01433169
0.02525252
0.04601464
0.03798821
0.01238097
0.01651464
0.03145025
0.04156197
0.01278234
0.01182071
0.05194753
0.04871418
0.03034101
0.01404552
0.01800190
0.01268094
0.05150081
0.03154779
0.01562840
0.01910619
0.01478171
0.01164995
0.01946444
0.02652010
0.02968988
0.01518473
0.01583087
0.02592789
0.04841707
0.02116332
0.01821669
0.05080185
0.04676779
0.01222758
0.02209200
0.03430856
0.02353416
0.02166440
0.02358650
0.01778359
0.03731231
0.05754484
0.01172086
0.02241166
0.01466779
0.01359923
0.04353583
0.01183734
0.01560066
0.05402898
0.03015513
0.02557220
0.01524971
0.04320733
0.03549291
0.02092993
0.02615935
0.01017404
0.01136203
0.01437771
0.01107566
0.01995798
0.03829364
0.02441121
0.03616155
0.01249037
0.01567200
0.01723663
0.05158508
0.02246242
0.02221333
0.02576863
0.04435780
0.02544645
0.01247414
0.04974388
0.03341820
0.04572189
0.02158720
0.02909368
0.02428716
0.01325618
0.03232097
0.02831573
0.02683873
0.04765379
0.01454898
0.04082140
0.01297360
0.03046918
0.04081181
0.01241208
0.04595854
0.03764488
0.03626730
0.02188675
0.02051987
0.02570254
0.01261344
0.02831042
0.01329367
0.02818694
0.01934489
0.01681516
0.02275214
0.02594297
0.01990890
0.01363034
0.01812894
0.03288380
0.05290654
0.01792692
0.01043510
0.03454624
0.01822067
0.02342126
0.04089515
0.02669661
0.02226852
0.01041194
0.02684728
0.05767902
0.01493232
0.02456860
0.02651213
0.01079110
0.01580785
0.01699129
0.01408824
0.02782810
0.04789512
0.01746394
0.02846259
0.02687191
0.04724821
0.01197310
0.02758432
0.01134236
0.03549853
0.01239028
0.03018417
0.01373615
0.01943589
0.01085208
0.05316311
0.02986121
0.04089493
0.01069747
0.02569648
0.01869060
0.04624026
0.05100918
0.04541476
0.03202746
0.02053941
0.01080464
0.03953523
0.01076718
0.01945088
0.05346996
0.01898508
0.01328042
0.02609387
0.01495592
0.02484991
0.04758658
0.02287191
0.03881817
0.03098536
0.01444648
0.05679243
0.01215249
0.03278220
0.05917461
0.01353083
0.03628006
0.02282407
0.02074488
0.01054483
0.03396899
0.02783027
0.03973207
0.01132035
0.03131981
0.02214276
0.02349886
0.02337254
0.01824045
0.03163153
0.04050508
0.02647605
0.03153719
0.01117960
0.02187269
0.04012902
0.01068826
0.02724487
0.01872841
0.05900534
0.01936260
0.05593404
0.01519631
0.02716603
0.01600254
0.01046836
0.03280028
0.03220116
0.01897351
0.03001230
0.02511437
0.02134117
0.03165247
0.03762558
0.01353813
0.01379147
0.05505501
0.02568827
0.01266326
0.02273584
0.01844721
0.01328937
0.01203434
0.01969604
0.05225419
0.03782192
0.01442009
0.02201199
0.03285004
0.01230639
0.02250534
0.03117956
0.04072023
0.03886890
0.02981790
0.02859073
0.01708554
0.02617974
0.02051049
0.05183061
0.02177836
0.02291009
0.02068844
0.02166322
0.01572390
0.01900077
0.02037113
0.04285672
0.03774308
0.01005418
0.03319457
0.02946608
0.03990350
0.01121436
0.04952771
0.04500154
0.02755730
0.01246785
0.05399397
0.04248554
0.02143693
0.03151609
0.02632939
0.02728879
0.02776836
0.04081343
0.03249392
0.02783696
0.02055206
0.05308410
0.04264964
0.02646906
0.03742472
0.04365255
0.01491446
0.02474998
0.03399876
0.04038512
0.01476575
0.01565739
0.01502295
0.04938848
0.02848830
0.05182630
0.04701684
0.01275970
0.01905715
0.04189359
0.05958542
0.02110668
0.04448151
0.01380747
0.01094046
0.03852505
0.02936300
0.02158751
0.01692180
0.02433959
0.03523838
0.01105560
0.02879306
0.03950932
0.02185448
0.01852952
0.01210752
0.01013161
0.02171458
0.01311599
0.01201950
0.03177117
0.01815702
0.02537052
0.03003013
0.01697022
0.03650603
0.03709820
0.01095027
0.01526881
0.03244202
0.03927213
0.01862684
0.03158305
0.02331829
0.01263472
0.03470777
0.04111720
0.02257570
0.02133964
0.03414875
0.04971155
0.04222661
0.02355799
0.01802934
0.02975619
0.03760856
0.01489438
0.05369413
0.04290415
0.03319557
0.01041246
0.05929451
0.04412761
0.03473765
0.01780106
0.01682579
0.01223852
0.01507267
0.02253940
0.05077594
0.03373553
0.01388021
0.02787397
0.02790409
0.01556140
0.03287718
0.03350640
0.02693181
0.01621257
0.02163125
0.03652293
0.01118064
0.03181225
0.01416657
0.03423802
0.01096455
0.05800046
0.03381423
0.01374388
0.01703265
0.01082720
0.02471815
0.05132085
0.02187748
0.02022755
0.03979100
0.01870420
0.01876183
0.02229454
0.02161805
0.02961927
0.04019728
0.02181664
0.01814763
0.03952476
0.05042836
0.03220762
0.01640068
0.05803814
0.01444133
0.01618397
0.01171237
0.01982023
0.03285040
0.03908511
0.02891867
0.01265656
0.05851804
0.03252757
0.02461869
0.03639503
0.02276048
0.01908861
0.02659415
0.03156901
0.01959715
0.01807619
0.01107978
0.03013395
0.03099434
0.02982627
0.01224577
0.04928046
0.02482214
0.02570467
0.01424912
0.02378113
0.02459312
0.02064251
0.03927241
0.03759943
0.02689937
0.05279240
0.05484829
0.02203029
0.01366043
0.02709686
0.03072473
0.02798873
0.04787278
0.02917784
0.02077171
0.03024938
0.02062761
0.03757377
0.02946179
0.02145686
0.01457667
0.01226109
0.03082769
0.01601967
0.03086870
0.02135213
0.02124548
0.03968447
0.01214428
0.01768333
0.02191021
0.01942802
0.04846169
0.02365663
0.02923484
0.02750255
0.02234956
0.01388121
0.05082495
0.02241993
0.04867783
0.01704290
0.01928004
0.01026511
0.01745627
0.03390473
0.01814032
0.01234413
0.01271597
0.02253616
0.02268046
0.01819782
0.02829769
0.04889199
0.03904507
0.05148584
0.01114927
0.02782973
0.01008486
0.04020076
0.01646690
0.03926314
0.01314447
0.02755665
0.02276929
0.02204017
0.03573853
0.02514000
0.02365257
0.02972249
0.02700189
0.02999043
0.02458789
0.02332917
0.03158946
0.04312429
0.01014100
0.01345206
0.03993958
0.04158618
0.05274794
0.02606373
0.01845132
0.01471195
0.01867903
0.04963491
0.02268349
0.01632539
0.02871499
0.01082062
0.01874154
0.01690805
0.03981611
0.01297933
0.01950775
0.01245621
0.02439144
0.01441629
0.01519945
0.01797340
0.02147387
0.05125686
0.03900949
0.01918005
0.01958197
0.02685294
0.01761963
0.01094025
0.03564599
0.01663733
0.02650551
0.02620610
0.01375513
0.01624632
0.01634855
0.04592534
0.05635411
0.01531167
0.05266075
0.01429469
0.02946799
0.01603605
0.02623679
0.03249103
0.03214964
0.01141972
0.01822115
0.01636430
0.01896651
0.01943810
0.02702337
0.01382199
0.01008646
0.01376164
0.02298386
0.02551124
0.01464615
0.05324228
0.03187772
0.01067118
0.03654153
0.01199576
0.01754673
0.01484114
0.04060445
0.03588509
0.01865365
0.01347531
0.02502885
0.01497482
0.02086561
0.01293901
0.04361605
0.01551144
0.02277048
0.03981520
0.01707072
0.01739995
0.01472875
0.02409996
0.02146848
0.03478905
0.03229686
0.02092625
0.04909092
0.03695532
0.03441843
0.05699490
0.01503531
0.04281328
0.01299066
0.03971297
0.02569793
0.01749811
0.03280239
0.01802531
0.03165197
0.01474308
0.04244081
0.01017669
0.02823729
0.01909101
0.02473219
0.01882765
0.04913567
0.01405066
0.03674524
0.04121821
0.01997084
0.04522757
0.02475760
0.01697107
0.03921189
0.01991296
0.03889599
0.04023728
0.01505640
0.04848611
0.02505445
0.01738456
0.02194363
0.03745577
0.02074267
0.03522823
0.02226380
0.05088081
0.03990597
0.02081325
0.03523232
0.01024041
0.05947975
0.01029585
0.01858439
0.03411755
0.02866737
0.03236439
0.03579752
0.03129881
0.02548246
0.04952644
0.03641435
0.02219236
0.01089592
0.01965582
0.03175049
0.03449871
0.02716243
0.01757147
0.01350671
0.02923792
0.04117811
0.03016362
0.05801903
0.01622390
0.05476138
0.03843113
0.03792249
0.02570945
0.01658633
0.01683227
0.01227024
0.02781441
0.01684695
0.01412605
0.02029721
0.01112032
0.01550833
0.01255807
0.02681659
0.02049358
0.02510607
0.03418223
0.03451872
0.01149578
0.03254806
0.01185838
0.03579814
0.02310092
0.05216690
0.03539870
0.03004784
0.04817280
0.03433449
0.01978945
0.01394247
0.01702681
0.01999919
0.03890728
0.02408220
0.02993367
0.04119846
0.04484378
0.03580655
0.02568980
0.01162015
0.01692466
0.02474076
0.04330799
0.01297315
0.02366052
0.03405912
0.03535898
0.02664220
0.03049652
0.03344063
0.01602553
0.02931534
0.02767035
0.02025437
0.01101753
0.02796950
0.04210980
0.02502129
0.02608507
0.04818416
0.01383159
0.01706340
0.01406981
0.04558264
0.02387570
0.01150576
0.03371325
0.02997382
0.03443401
0.02678909
0.01715098
0.01225622
0.03823613
0.04787745
0.01637515
0.04834484
0.04907061
0.02476219
0.01858455
0.03412276
0.04719326
0.01351130
0.02775523
0.01818295
0.03500660
0.01789935
0.02137523
0.02445057
0.03543893
0.01832121
0.03384296
0.03557282
0.01978621
0.05611377
0.02377119
0.02646114
0.05337461
0.01298006
0.01158310
0.01433206
0.04196854
0.03525937
0.02558571
0.01977997
0.02498270
0.02290009
0.03079757
0.02687962
0.01639561
0.02710344
0.04569953
0.01546069
0.03864918
0.01160146
0.01056142
0.04002483
0.01119426
0.01680704
0.05233967
0.01654713
0.03040695
0.04673490
0.01691322
0.01944497
0.01281084
0.04443612
0.02526614
0.01427971
0.01138992
0.01656281
0.01262751
0.02083961
0.01397808
0.01284378
0.01892365
0.02047285
0.02237802
0.01763952
0.01040506
0.03053327
0.01424209
0.02997197
0.02441698
0.01991737
0.04801736
0.01347486
0.02660521
0.01356741
0.05431674
0.04504637
0.01882663
0.02183587
0.02582518
0.04405149
0.01405254
0.05513069
0.02555327
0.01222112
0.01855289
0.02436738
0.01961924
0.03223233
0.01212172
0.04122865
0.01033661
0.01171890
0.03259377
0.01745341
0.01622889
0.02907132
0.02600360
0.02950681
0.02167193
0.02612325
0.01629916
0.01901175
0.03615399
0.02863782
0.02031662
0.01369948
0.03071453
0.01833709
0.02351699
0.01640025
0.04620440
0.03777879
0.02626095
0.02958743
0.01417989
0.02484573
0.03001150
0.03878724
0.01129380
0.02168715
0.04932693
0.03654811
0.03469057
0.01349034
0.05754785
0.01315111
0.01283088
0.01720716
0.02192597
0.01874669
0.05387467
0.01228530
0.02168501
0.02345383
0.05064890
0.01164159
0.01306120
0.04091970
0.01133444
0.01333067
0.05425343
0.03846676
0.02459328
0.05747229
0.01705594
0.01384232
0.03256436
0.01647378
0.05140876
0.02270320
0.02895442
0.01118368
0.01511979
0.01616467
0.03339906
0.02231262
0.02307017
0.01286716
0.02542128
0.02848083
0.04826298
0.01781563
0.04795200
0.02675048
0.05844847
0.02710248
0.01818211
0.04666978
0.02235238
0.02420736
0.02510597
0.02415820
0.03278699
0.01251803
0.02436657
0.01983843
0.05230166
0.01270689
0.01139856
0.01848595
0.04220344
0.04406671
0.02458359
0.02056950
0.01375607
0.04288032
0.01184364
0.01691899
0.02512285
0.04409845
0.02670199
0.04367018
0.01597632
0.04275891
0.01342988
0.05040289
0.02816525
0.01110563
0.03535542
0.05728390
0.01336798
0.02748828
0.01083805
0.01568916
0.01644196
0.02509019
0.03171805
0.01621560
0.03283208
0.01607722
0.02378808
0.02351374
0.02879405
0.04248095
0.02252233
0.04039750
0.04149278
0.04681439
0.02944987
0.03258935
0.03195122
0.02836115
0.01105294
0.01267719
0.04234103
0.03400570
0.01760593
0.03592207
0.01116533
0.02222762
0.02580086
0.01654491
0.02380922
0.02611376
0.03208658
0.01477998
0.04645329
0.02430969
0.04299678
0.01841510
0.01678197
0.02503794
0.04626108
0.01673906
0.02192725
0.03121826
0.01054179
0.03735678
0.01734250
0.03905476
0.05213368
0.03394145
0.01511149
0.02622044
0.02616158
0.03259597
0.01879607
0.05962234
0.02614897
0.03968125
0.01889446
0.05004649
0.01095533
0.02730902
0.02779893
0.02470669
0.04865060
0.01988145
0.01923300
0.01681015
0.02657575
0.03815298
0.05058114
0.04293518
0.02971447
0.01014896
0.02195218
0.01206987
0.05064457
0.02515104
0.01280525
0.01186659
0.01284624
0.02983001
0.01585787
0.03265485
0.03246149
0.03434737
0.03653744
0.02300447
0.01582598
0.02212537
0.01590364
0.01422931
0.04044717
0.02812730
0.02226226
0.01175174
0.04014997
0.02494724
0.01886201
0.01913071
0.04118146
0.02658243
0.02491051
0.02550922
0.02482179
0.03386135
0.03630324
0.02744131
0.02951769
0.03385294
0.01317022
0.02953431
0.02418475
0.04050594
0.05124751
0.04240058
0.02006468
0.03641524
0.05648261
0.04714330
0.02551615
0.03313695
0.01634985
0.01380068
0.03354823
0.01621282
0.02802201
0.01997391
0.04011693
0.02371760
0.05740827
0.02290094
0.02564966
0.01583932
0.01426972
0.03224491
0.01187405
0.01000541
0.02390942
0.04784577
0.05272537
0.03377728
0.01606066
0.01035682
0.02317974
0.01151215
0.01538396
0.01722668
0.01081993
0.03480224
0.01820587
0.02197914
0.02320021
0.01800935
0.04617862
0.01918585
0.04536739
0.02662384
0.02873995
0.02064364
0.03715231
0.04575060
0.01382571
0.01755662
0.01675016
0.01462233
0.03996898
0.01484896
0.01657115
0.01188124
0.03382702
0.03832808
0.01391015
0.01728887
0.05812577
0.02428048
0.04805013
0.03179467
0.05399231
0.03055503
0.02904111
0.05945668
0.03374028
0.02226216
0.03095330
0.05091216
0.03099590
0.04340103
0.01561734
0.02201802
0.01964365
0.05750574
0.01584579
0.03852896
0.04758102
0.03442895
0.02069004
0.02843404
0.02259884
0.02779834
0.01876915
0.05825623
0.02090772
0.02121585
0.01388862
0.03065639
0.01234568
0.01160407
0.01672649
0.01647696
0.01279360
0.01840651
0.01712632
0.03929554
0.04033352
0.01885942
0.02010424
0.05355427
0.04639570
0.02231692
0.02991068
0.01474408
0.03063608
0.03683938
0.02158190
0.03224583
0.04515221
0.01862052
0.04055524
0.03038251
0.04483910
0.01545903
0.01054714
0.02668644
0.05562464
0.01641158
0.03200062
0.03163423
0.04833545
0.02335935
0.05697837
0.04902469
0.02140101
0.01505607
0.02747962
0.04293421
0.04642354
0.02893829
0.01061400
0.02144502
0.03247277
0.02551345
0.02241923
0.02583760
0.04452459
0.01184298
0.04531627
0.02262718
0.02645239
0.04071798
0.01586363
0.02067446
0.02372412
0.02117769
0.01852312
0.01726969
0.02088111
0.01906969
0.01526146
0.01422717
0.01327650
0.01336881
0.01787910
0.02022554
0.01579636
0.01436874
0.02117736
0.01483522
0.01763081
0.03788264
0.01148217
0.04377924
0.02144476
0.03986271
0.01619552
0.01547663
0.02646021
0.02211050
0.05113365
0.01317923
0.04563363
0.02314848
0.02840655
0.02223758
0.01836947
0.02631715
0.02780886
0.04480600
0.01277219
0.01714413
0.01850338
0.01622808
0.01165457
0.02391524
0.02234631
0.03924478
0.02593780
0.01438765
0.03292366
0.01667644
0.04372338
0.02210118
0.03017061
0.04616315
0.02094740
0.01351026
0.05636737
0.01167444
0.03765090
0.02579520
0.02006423
0.04144928
0.02082694
0.04772855
0.03328984
0.02570694
0.01179660
0.03710246
0.01644646
0.01694928
0.02929141
0.01352431
0.05107342
0.03197702
0.04694115
0.01250088
0.02514694
0.02886626
0.04386602
0.03050993
0.01924673
0.01427783
0.02754155
0.02789390
0.02367306
0.01272325
0.02159730
0.02107070
0.01015737
0.03034750
0.02923298
0.02436858
0.03092562
0.01400478
0.04936723
0.01109606
0.04080549
0.03067298
0.04109493
0.01772189
0.03669936
0.02772283
0.05471617
0.02250706
0.03448060
0.04733559
0.02181302
0.01921057
0.03534595
0.04014376
0.04297433
0.05325714
0.01576147
0.03009830
0.01011105
0.01863484
0.02796278
0.05163754
0.01168070
0.01558292
0.03057049
0.01729776
0.04901065
0.01489569
0.01563534
0.04859095
0.02185645
0.01763183
0.01240632
0.02019085
0.01139573
0.01488554
0.02508182
0.01339541
0.02112347
0.02087903
0.01263257
0.02808771
0.02831417
0.03427816
0.02162304
0.04305877
0.02541754
0.01053034
0.02899565
0.04699651
0.03000842
0.04642884
0.04656151
0.05936437
0.02432544
0.01866360
0.04097268
0.01274736
0.01461864
0.01087753
0.01281293
0.02658355
0.02852051
0.03892431
0.03255904
0.02833688
0.02983715
0.01994604
0.03948202
0.02692162
0.03745953
0.01809719
0.01824458
0.02031867
0.02668215
0.02245282
0.04049241
0.01111124
0.03755042
0.01145106
0.03204818
0.02137097
0.04221746
0.05515427
0.04836229
0.02801660
0.04731921
0.01161755
0.01427669
0.01252544
0.04954360
0.01847274
0.02671242
0.01586399
0.04985405
0.01123329
0.05323847
0.04327068
0.02768566
0.01287167
0.01145891
0.02613379
0.01446064
0.01750758
0.01327215
0.03078974
0.05561513
0.01387621
0.01767606
0.01696022
0.01930527
0.01913989
0.04453567
0.01549622
0.02412088
0.04201834
0.05465418
0.02847013
0.01241201
0.02779961
0.01922322
0.01826214
0.03923694
0.01462394
0.05751666
0.01769135
0.03922796
0.01330478
0.03339439
0.02710417
0.01678050
0.04469173
0.02943185
0.01202730
0.03519573
0.03097052
0.04752437
0.03309241
0.01390039
0.01324861
0.01147814
0.05823932
0.01134149
0.01355996
0.03639193
0.02298507
0.02210595
0.03238624
0.01898520
0.02016184
0.01870125
0.05257828
0.02434096
0.01703753
0.02294530
0.02379593
0.04907349
0.02821906
0.04146139
0.01616182
0.03568866
0.02093794
0.03234671
0.02224347
0.02939488
0.02567736
0.03325153
0.01692147
0.03008181
0.02093224
0.05169037
0.01860419
0.03072656
0.05687278
0.01971188
0.02926822
0.05268113
0.01371797
0.03514859
0.02752302
0.01456775
0.02295721
0.01023083
0.01022383
0.02438261
0.03076283
0.03473862
0.04000818
0.02558466
0.01771696
0.01425433
0.01984379
0.04652880
0.01056261
0.05543080
0.03636269
0.04816010
0.02210619
0.03305459
0.02159915
0.01778774
0.03151871
0.01050342
0.01279745
0.04046740
0.02467919
0.01446757
0.01148572
0.03728976
0.01095271
0.02940224
0.01004274
0.01277384
0.02926467
0.03280514
0.05002729
0.02920397
0.02368061
0.01648448
0.01932651
0.02810656
0.01571723
0.03131618
0.02547961
0.03087704
0.05491834
0.02694333
0.01222492
0.01760492
0.02867155
0.04603317
0.04757957
0.04569814
0.04363153
0.03806344
0.01458966
0.01154616
0.02384252
0.03391079
0.02851075
0.03983657
0.01778456
0.02698766
0.05394959
0.05050061
0.01645978
0.01569966
0.01729984
0.01739073
0.03033821
0.01599382
0.02231831
0.05199404
0.04288013
0.04032840
0.02307700
0.01810975
0.05485494
0.01875677
0.01546664
0.02190554
0.01439646
0.01405660
0.03780645
0.02598452
0.01888520
0.03104408
0.01204421
0.02584406
0.03502275
0.02525690
0.02081967
0.01730560
0.02087857
0.03230909
0.02683008
0.01515070
0.02899541
0.02841194
0.03587852
0.04263780
0.02257909
0.01010111
0.01752902
0.03382100
0.01937592
0.02495304
0.01812832
0.01070943
0.01651109
0.01956824
0.01329046
0.03077091
0.04371254
0.01386119
0.03699418
0.03267324
0.01246186
0.02205198
0.02392419
0.02173324
0.01012867
0.02062272
0.01610620
0.04030342
0.03684004
0.01027907
0.03002519
0.04416730
0.05384097
0.03127487
0.02957895
0.02957454
0.05326865
0.03380225
0.01793050
0.01447795
0.03929234
0.03554739
0.03965218
0.01024847
0.03905802
0.02543128
0.02353730
0.01542320
0.01660441
0.03351654
0.05186699
0.02301402
0.01313530
0.01059176
0.01635611
0.01390987
0.03743540
0.03180046
0.01244358
0.02922651
0.04425913
0.02827784
0.02936736
0.01898445
0.02786992
0.01784692
0.02468728
0.01885458
0.05608521
0.02224714
0.03797524
0.01223451
0.03856282
0.02402109
0.01557959
0.01496149
0.01979052
0.01989032
0.01244396
0.02991174
0.02732578
0.04445090
0.02191565
0.02323204
0.02021387
0.01265618
0.04600212
0.01460822
0.01940462
0.03230076
0.01163684
0.01094887
0.02731072
0.03380164
0.02393973
0.03838260
0.01261903
0.01730025
0.02863227
0.01832618
0.01205768
0.03412256
0.03173399
0.04249392
0.03336295
0.01527141
0.01106034
0.03242072
0.02677209
0.01817277
0.01095187
0.01786571
0.01526964
0.02656884
0.02354712
0.01025553
0.03345362
0.03141623
0.03865446
0.02401444
0.03336268
0.04377328
0.04127500
0.03488699
0.03651181
0.01132651
0.02980331
0.01378714
0.02721195
0.02001124
0.01895029
0.03383051
0.04640864
0.01991401
0.01658025
0.03642510
0.02201987
0.02081645
0.05338337
0.02020855
0.01194174
0.01518659
0.02540702
0.03958107
0.02093500
0.02048850
0.01019105
0.04000053
0.02615281
0.04517145
0.02990414
0.01552685
0.04027577
0.04233931
0.03395868
0.01042027
0.02471029
0.02336363
0.01333212
0.03671811
0.01562564
0.01427020
0.01910770
0.01043003
0.01415334
0.01760856
0.01180018
0.04971669
0.01094302
0.02452325
0.01435565
0.01856734
0.01391969
0.01354577
0.03278146
0.01566990
0.01934905
0.03608074
0.01137036
0.01395102
0.02661734
0.01288587
0.02727586
0.05680319
0.02529961
0.03174380
0.02224343
0.02876205
0.01073864
0.01907596
0.01204442
0.02172034
0.01686718
0.01184809
0.05630321
0.02605166
0.03261033
0.04003995
0.01208184
0.03387191
0.01240784
0.05834127
0.04567256
0.01782982
0.03855079
0.03307633
0.03258908
0.01448438
0.05073235
0.02684977
0.02580534
0.01661312
0.02916903
0.01635391
0.01126288
0.03456483
0.01991468
0.03651652
0.01048452
0.01557765
0.01576442
0.03153586
0.02226623
0.03700767
0.05474681
0.04183977
0.01132640
0.01743634
0.01236480
0.01033922
0.03008577
0.01947049
0.02859358
0.02484014
0.01213007
0.02537032
0.02626247
0.01338361
0.05104154
0.03403096
0.01813142
0.02967658
0.01114914
0.03277095
0.04951385
0.02975594
0.02462689
0.01741136
0.01969402
0.02846889
0.05380342
0.02464668
0.01750247
0.04741170
0.03315187
0.01091659
0.02756263
0.02395209
0.01056637
0.03563467
0.01611164
0.04374859
0.02260749
0.02084469
0.02865469
0.03009487
0.02250886
0.04204470
0.02841869
0.03124623
0.04155427
0.05071170
0.03976808
0.02700403
0.05619485
0.03904727
0.01151869
0.04732206
0.03189794
0.01916415
0.01905500
0.01765360
0.02946970
0.01192393
0.03152066
0.01510320
0.02794798
0.01923153
0.03281061
0.01237882
0.02024425
0.03012307
0.02884312
0.04867611
0.02185985
0.03212763
0.02491224
0.02563087
0.02342036
0.01686993
0.03071412
0.05951248
0.02470308
0.01005398
0.01041349
0.01274183
0.05835312
0.04563762
0.02784024
0.02036909
0.01173856
0.04449348
0.03390354
0.01258383
0.05902692
0.04292130
0.04469848
0.01269142
0.01959484
0.03643927
0.01651064
0.01727096
0.01431578
0.02260073
0.03252034
0.01099090
0.01388851
0.02718681
0.03879848
0.04054732
0.03324706
0.02945731
0.01416646
0.04128528
0.02938781
0.02699220
0.01350888
0.01708243
0.01413389
0.02054072
0.02634963
0.04202622
0.01861341
0.01619251
0.01994429
0.01813675
0.04503932
0.02244253
0.03105097
0.01011361
0.02254920
0.03823037
0.01972689
0.05170337
0.02298918
0.02514779
0.03242376
0.01202493
0.01541518
0.02260853
0.05885588
0.03928659
0.01586454
0.01031097
0.02674641
0.02365544
0.05413997
0.02903365
0.04983455
0.02195443
0.02138258
0.04108490
0.02868666
0.03097358
0.02326665
0.01049857
0.01359947
0.04287844
0.01167876
0.01020146
0.04154944
0.01970286
0.01177332
0.01324059
0.03422012
0.02425554
0.03880785
0.01616747
0.02759078
0.04937938
0.05903044
0.02250121
0.05159126
0.05661106
0.01890788
0.02902419
0.04394000
0.01118269
0.01278938
0.02249438
0.02723022
0.01751246
0.04306578
0.04934709
0.01085995
0.01374092
0.01960985
0.02137415
0.04025893
0.01181195
0.02893259
0.01328331
0.01132030
0.04590983
0.01001015
0.01049916
0.03734157
0.01245897
0.01417093
0.02395406
0.01396056
0.01036052
0.02220667
0.05072118
0.01309065
0.01747191
0.01740081
0.01569137
0.02353077
0.01912026
0.01062346
0.02071187
0.03254215
0.01552922
0.02720240
0.01483706
0.02979952
0.01222802
0.02656119
0.04155525
0.01828642
0.01023494
0.01850593
0.02971497
0.02348121
0.01836420
0.01910948
0.01707750
0.02341744
0.02277020
0.02065249
0.01752379
0.01228252
0.05094617
0.02020117
0.01974032
0.04601206
0.01139635
0.01078849
0.01383098
0.02501199
0.03031595
0.03741857
0.03652551
0.03598596
0.01452522
0.01776622
0.01357290
0.05116775
0.03434803
0.04595843
0.01531330
0.01949479
0.01067524
0.04540354
0.01161977
0.05147742
0.01446399
0.01297741
0.02771214
0.01522647
0.04085854
0.01434396
0.01024029
0.03359469
0.01247286
0.02388661
0.01771693
0.05345795
0.02418653
0.03120800
0.04883493
0.03096067
0.02004683
0.03486832
0.01557738
0.01481651
0.02458876
0.04065873
0.01914771
0.01682133
0.01593897
0.04489192
0.03709367
0.03254855
0.04628108
0.02160978
0.03474839
0.03004352
0.01792698
0.02169861
0.03038787
0.02242927
0.04604325
0.01254103
0.02556898
0.01471902
0.02186961
0.03343944
0.01309405
0.02069061
0.01834471
0.01979073
0.04214527
0.01865171
0.03170056
0.03007182
0.02619628
0.01705170
0.01622467
0.03132446
0.03994049
0.03942939
0.01671276
0.02993461
0.04813833
0.02084815
0.01942683
0.01795652
0.05071020
0.02331700
0.03131056
0.02274505
0.03301106
0.04473389
0.03304969
0.05375497
0.01643786
0.02933600
0.02992021
0.01766270
0.01526867
0.02382511
0.01234799
0.02156157
0.01978518
0.03532109
0.03697352
0.02380191
0.02580125
0.03047769
0.04673045
0.02248964
0.02487328
0.01534652
0.01078523
0.02063932
